-4.00000000e+01  3.57021159e-07 
-3.90000000e+01  3.55881034e-07 
-3.80000000e+01  3.54956397e-07 
-3.70000000e+01  3.53928690e-07 
-3.60000000e+01  3.52904778e-07 
-3.50000000e+01  3.51885092e-07 
-3.40000000e+01  3.50870101e-07 
-3.30000000e+01  3.49860245e-07 
-3.20000000e+01  3.48855950e-07 
-3.10000000e+01  3.47857627e-07 
-3.00000000e+01  3.46865671e-07 
-2.90000000e+01  3.45880462e-07 
-2.80000000e+01  3.44902366e-07 
-2.70000000e+01  3.43931732e-07 
-2.60000000e+01  3.42968895e-07 
-2.50000000e+01  3.42014172e-07 
-2.40000000e+01  3.41067867e-07 
-2.30000000e+01  3.40130269e-07 
-2.20000000e+01  3.39201650e-07 
-2.10000000e+01  3.38282267e-07 
-2.00000000e+01  3.37372364e-07 
-1.90000000e+01  3.36472168e-07 
-1.80000000e+01  3.35581894e-07 
-1.70000000e+01  3.34701738e-07 
-1.60000000e+01  3.33831888e-07 
-1.50000000e+01  3.32972515e-07 
-1.40000000e+01  3.32123775e-07 
-1.30000000e+01  3.31285813e-07 
-1.20000000e+01  3.30458762e-07 
-1.10000000e+01  3.29642740e-07 
-1.00000000e+01  3.28837855e-07 
-9.00000000e+00  3.28044200e-07 
-8.00000000e+00  3.27261861e-07 
-7.00000000e+00  3.26490909e-07 
-6.00000000e+00  3.25731406e-07 
-5.00000000e+00  3.24983403e-07 
-4.00000000e+00  3.24246942e-07 
-3.00000000e+00  3.23522055e-07 
-2.00000000e+00  3.22808764e-07 
-1.00000000e+00  3.22107082e-07 
 0.00000000e+00  3.21417017e-07 
 1.00000000e+00  3.20738563e-07 
 2.00000000e+00  3.20071713e-07 
 3.00000000e+00  3.19416446e-07 
 4.00000000e+00  3.18772740e-07 
 5.00000000e+00  3.18140564e-07 
 6.00000000e+00  3.17519879e-07 
 7.00000000e+00  3.16910643e-07 
 8.00000000e+00  3.16312807e-07 
 9.00000000e+00  3.15726318e-07 
 1.00000000e+01  3.15151118e-07 
 1.10000000e+01  3.14587144e-07 
 1.20000000e+01  3.14034328e-07 
 1.30000000e+01  3.13492601e-07 
 1.40000000e+01  3.12961888e-07 
 1.50000000e+01  3.12442112e-07 
 1.60000000e+01  3.11933193e-07 
 1.70000000e+01  3.11435049e-07 
 1.80000000e+01  3.10947593e-07 
 1.90000000e+01  3.10470741e-07 
 2.00000000e+01  3.10004402e-07 
 2.10000000e+01  3.09548487e-07 
 2.20000000e+01  3.09102905e-07 
 2.30000000e+01  3.08667563e-07 
 2.40000000e+01  3.08242369e-07 
 2.50000000e+01  3.07827229e-07 
 2.60000000e+01  3.07422051e-07 
 2.70000000e+01  3.07026740e-07 
 2.80000000e+01  3.06641204e-07 
 2.90000000e+01  3.06265350e-07 
 3.00000000e+01  3.05899087e-07 
 3.10000000e+01  3.05542324e-07 
 3.20000000e+01  3.05194972e-07 
 3.30000000e+01  3.04856942e-07 
 3.40000000e+01  3.04528149e-07 
 3.50000000e+01  3.04208507e-07 
 3.60000000e+01  3.03897936e-07 
 3.70000000e+01  3.03596355e-07 
 3.80000000e+01  3.03303687e-07 
 3.90000000e+01  3.03019857e-07 
 4.00000000e+01  3.02744796e-07 
 4.10000000e+01  3.02478434e-07 
 4.20000000e+01  3.02220707e-07 
 4.30000000e+01  3.01971556e-07 
 4.40000000e+01  3.01730923e-07 
 4.50000000e+01  3.01498755e-07 
 4.60000000e+01  3.01275007e-07 
 4.70000000e+01  3.01059633e-07 
 4.80000000e+01  3.00852596e-07 
 4.90000000e+01  3.00653863e-07 
 5.00000000e+01  3.00463405e-07 
 5.10000000e+01  3.00281201e-07 
 5.20000000e+01  3.00107234e-07 
 5.30000000e+01  2.99941491e-07 
 5.40000000e+01  2.99783968e-07 
 5.50000000e+01  2.99634667e-07 
 5.60000000e+01  2.99493592e-07 
 5.70000000e+01  2.99360758e-07 
 5.80000000e+01  2.99236183e-07 
 5.90000000e+01  2.99119891e-07 
 6.00000000e+01  2.99011915e-07 
 6.10000000e+01  2.98912289e-07 
 6.20000000e+01  2.98821057e-07 
 6.30000000e+01  2.98738267e-07 
 6.40000000e+01  2.98663972e-07 
 6.50000000e+01  2.98598230e-07 
 6.60000000e+01  2.98541106e-07 
 6.70000000e+01  2.98492666e-07 
 6.80000000e+01  2.98452986e-07 
 6.90000000e+01  2.98422141e-07 
 7.00000000e+01  2.98400214e-07 
 7.10000000e+01  2.98387291e-07 
 7.20000000e+01  2.98383463e-07 
 7.30000000e+01  2.98388823e-07 
 7.40000000e+01  2.98403471e-07 
 7.50000000e+01  2.98427511e-07 
 7.60000000e+01  2.98461053e-07 
 7.70000000e+01  2.98504211e-07 
 7.80000000e+01  2.98557107e-07 
 7.90000000e+01  2.98619869e-07 
 8.00000000e+01  2.98692633e-07 
 8.10000000e+01  2.98775546e-07 
 8.20000000e+01  2.98868762e-07 
 8.30000000e+01  2.98972448e-07 
 8.40000000e+01  2.99086783e-07 
 8.50000000e+01  2.99211962e-07 
 8.60000000e+01  2.99348192e-07 
 8.70000000e+01  2.99495700e-07 
 8.80000000e+01  2.99654729e-07 
 8.90000000e+01  2.99825544e-07 
 9.00000000e+01  3.00008432e-07 
 9.10000000e+01  3.00203701e-07 
 9.20000000e+01  3.00411686e-07 
 9.30000000e+01  3.00632749e-07 
 9.40000000e+01  3.00867281e-07 
 9.50000000e+01  3.01115701e-07 
 9.60000000e+01  3.01378464e-07 
 9.70000000e+01  3.01656057e-07 
 9.80000000e+01  3.01949002e-07 
 9.90000000e+01  3.02257863e-07 
 1.00000000e+02  3.02583241e-07 
 1.01000000e+02  3.02925781e-07 
 1.02000000e+02  3.03286171e-07 
 1.03000000e+02  3.03665148e-07 
 1.04000000e+02  3.04063497e-07 
 1.05000000e+02  3.04482053e-07 
 1.06000000e+02  3.04921708e-07 
 1.07000000e+02  3.05383408e-07 
 1.08000000e+02  3.05868161e-07 
 1.09000000e+02  3.06377033e-07 
 1.10000000e+02  3.06911158e-07 
 1.11000000e+02  3.07471736e-07 
 1.12000000e+02  3.08060037e-07 
 1.13000000e+02  3.08677404e-07 
 1.14000000e+02  3.09325255e-07 
 1.15000000e+02  3.10005090e-07 
 1.16000000e+02  3.10718486e-07 
 1.17000000e+02  3.11467105e-07 
 1.18000000e+02  3.12252698e-07 
 1.19000000e+02  3.13077101e-07 
 1.20000000e+02  3.13942244e-07 
 1.21000000e+02  3.14850150e-07 
 1.22000000e+02  3.15802933e-07 
 1.23000000e+02  3.16802808e-07 
 1.24000000e+02  3.17852083e-07 
 1.25000000e+02  3.18953168e-07 
