 1.00000000e-02  1.78870449e-11 
 2.00000000e-02  3.09337205e-11 
 3.00000000e-02  4.05379685e-11 
 4.00000000e-02  4.77132161e-11 
 5.00000000e-02  5.32226985e-11 
 6.00000000e-02  5.76358138e-11 
 7.00000000e-02  6.14079148e-11 
 8.00000000e-02  6.49158871e-11 
 9.00000000e-02  6.84832357e-11 
 1.00000000e-01  7.23950538e-11 
 1.10000000e-01  7.69072510e-11 
 1.20000000e-01  8.22505016e-11 
 1.30000000e-01  8.86298537e-11 
 1.40000000e-01  9.62239873e-11 
 1.50000000e-01  1.05191301e-10 
 1.60000000e-01  1.15690221e-10 
 1.70000000e-01  1.27917497e-10 
 1.80000000e-01  1.42164819e-10 
 1.90000000e-01  1.58898048e-10 
 2.00000000e-01  1.78880107e-10 
 2.10000000e-01  2.03396235e-10 
 2.20000000e-01  2.34732350e-10 
 2.30000000e-01  2.77333500e-10 
 2.40000000e-01  3.41051585e-10 
 2.50000000e-01  4.51860127e-10 
 2.60000000e-01  6.90690867e-10 
 2.70000000e-01  1.23350845e-09 
 2.80000000e-01  2.25576775e-09 
 2.90000000e-01  3.81931496e-09 
 3.00000000e-01  5.90559896e-09 
 3.10000000e-01  8.50295711e-09 
 3.20000000e-01  1.16534508e-08 
 3.30000000e-01  1.54623335e-08 
 3.40000000e-01  2.00684370e-08 
 3.50000000e-01  2.56229486e-08 
 3.60000000e-01  3.22832069e-08 
 3.70000000e-01  4.02084977e-08 
 3.80000000e-01  4.95548069e-08 
 3.90000000e-01  6.04689404e-08 
 4.00000000e-01  7.30828479e-08 
 4.10000000e-01  8.75088701e-08 
 4.20000000e-01  1.03836434e-07 
 4.30000000e-01  1.22130364e-07 
 4.40000000e-01  1.42430625e-07 
 4.50000000e-01  1.64753084e-07 
 4.60000000e-01  1.89090729e-07 
 4.70000000e-01  2.15414768e-07 
 4.80000000e-01  2.43675039e-07 
 4.90000000e-01  2.73799240e-07 
 5.00000000e-01  3.05690460e-07 
 5.10000000e-01  3.39222447e-07 
 5.20000000e-01  3.74231761e-07 
 5.30000000e-01  4.10505485e-07 
 5.40000000e-01  4.47762168e-07 
 5.50000000e-01  4.85621938e-07 
 5.60000000e-01  5.23558372e-07 
 5.70000000e-01  5.60818183e-07 
 5.80000000e-01  5.96281501e-07 
 5.90000000e-01  6.28208136e-07 
 6.00000000e-01  6.53760382e-07 
 6.10000000e-01  6.68110786e-07 
 6.20000000e-01  6.62150572e-07 
 6.30000000e-01  6.25972305e-07 
 6.40000000e-01  5.58863822e-07 
 6.50000000e-01  4.87585743e-07 
 6.60000000e-01  4.34561006e-07 
 6.70000000e-01  3.98886735e-07 
 6.80000000e-01  3.75078131e-07 
 6.90000000e-01  3.58606611e-07 
 7.00000000e-01  3.46776478e-07 
 7.10000000e-01  3.38018879e-07 
 7.20000000e-01  3.31385812e-07 
 7.30000000e-01  3.26278029e-07 
 7.40000000e-01  3.22299979e-07 
 7.50000000e-01  3.19180302e-07 
 7.60000000e-01  3.16725997e-07 
 7.70000000e-01  3.14794797e-07 
 7.80000000e-01  3.13278139e-07 
 7.90000000e-01  3.12090632e-07 
 8.00000000e-01  3.11163664e-07 
 8.10000000e-01  3.10441584e-07 
 8.20000000e-01  3.09879341e-07 
 8.30000000e-01  3.09440842e-07 
 8.40000000e-01  3.09097585e-07 
 8.50000000e-01  3.08827388e-07 
 8.60000000e-01  3.08613198e-07 
 8.70000000e-01  3.08442022e-07 
 8.80000000e-01  3.08304006e-07 
 8.90000000e-01  3.08191694e-07 
 9.00000000e-01  3.08099433e-07 
 9.10000000e-01  3.08022928e-07 
 9.20000000e-01  3.07958893e-07 
 9.30000000e-01  3.07904804e-07 
 9.40000000e-01  3.07858705e-07 
 9.50000000e-01  3.07819074e-07 
 9.60000000e-01  3.07784713e-07 
 9.70000000e-01  3.07754676e-07 
 9.80000000e-01  3.07728207e-07 
 9.90000000e-01  3.07704702e-07 
 1.00000000e+00  3.07683669e-07 
 1.01000000e+00  3.07664712e-07 
 1.02000000e+00  3.07647505e-07 
 1.03000000e+00  3.07631777e-07 
 1.04000000e+00  3.07617308e-07 
 1.05000000e+00  3.07603912e-07 
 1.06000000e+00  3.07591435e-07 
 1.07000000e+00  3.07579744e-07 
 1.08000000e+00  3.07568731e-07 
 1.09000000e+00  3.07558302e-07 
 1.10000000e+00  3.07548377e-07 
 1.11000000e+00  3.07538887e-07 
 1.12000000e+00  3.07529775e-07 
 1.13000000e+00  3.07520990e-07 
 1.14000000e+00  3.07512488e-07 
 1.15000000e+00  3.07504231e-07 
 1.16000000e+00  3.07496186e-07 
 1.17000000e+00  3.07488326e-07 
 1.18000000e+00  3.07480624e-07 
 1.19000000e+00  3.07473058e-07 
 1.20000000e+00  3.07465610e-07 
 1.21000000e+00  3.07458263e-07 
 1.22000000e+00  3.07451001e-07 
 1.23000000e+00  3.07443812e-07 
 1.24000000e+00  3.07436683e-07 
 1.25000000e+00  3.07429604e-07 
 1.26000000e+00  3.07422567e-07 
 1.27000000e+00  3.07415563e-07 
 1.28000000e+00  3.07408585e-07 
 1.29000000e+00  3.07401627e-07 
 1.30000000e+00  3.07394682e-07 
 1.31000000e+00  3.07387746e-07 
 1.32000000e+00  3.07380815e-07 
 1.33000000e+00  3.07373884e-07 
 1.34000000e+00  3.07366949e-07 
 1.35000000e+00  3.07360009e-07 
 1.36000000e+00  3.07353059e-07 
 1.37000000e+00  3.07346098e-07 
 1.38000000e+00  3.07339122e-07 
 1.39000000e+00  3.07332132e-07 
 1.40000000e+00  3.07325123e-07 
 1.41000000e+00  3.07318096e-07 
 1.42000000e+00  3.07311049e-07 
 1.43000000e+00  3.07303980e-07 
 1.44000000e+00  3.07296889e-07 
 1.45000000e+00  3.07289775e-07 
 1.46000000e+00  3.07282637e-07 
 1.47000000e+00  3.07275475e-07 
 1.48000000e+00  3.07268288e-07 
 1.49000000e+00  3.07261076e-07 
 1.50000000e+00  3.07253839e-07 
 1.51000000e+00  3.07246576e-07 
 1.52000000e+00  3.07239287e-07 
 1.53000000e+00  3.07231972e-07 
 1.54000000e+00  3.07224632e-07 
 1.55000000e+00  3.07217267e-07 
 1.56000000e+00  3.07209876e-07 
 1.57000000e+00  3.07202460e-07 
 1.58000000e+00  3.07195019e-07 
 1.59000000e+00  3.07187555e-07 
 1.60000000e+00  3.07180066e-07 
 1.61000000e+00  3.07172554e-07 
 1.62000000e+00  3.07165020e-07 
 1.63000000e+00  3.07157464e-07 
 1.64000000e+00  3.07149886e-07 
 1.65000000e+00  3.07142289e-07 
 1.66000000e+00  3.07134672e-07 
 1.67000000e+00  3.07127036e-07 
 1.68000000e+00  3.07119384e-07 
 1.69000000e+00  3.07111715e-07 
 1.70000000e+00  3.07104031e-07 
 1.71000000e+00  3.07096334e-07 
 1.72000000e+00  3.07088625e-07 
 1.73000000e+00  3.07080906e-07 
 1.74000000e+00  3.07073178e-07 
 1.75000000e+00  3.07065443e-07 
 1.76000000e+00  3.07057703e-07 
 1.77000000e+00  3.07049960e-07 
 1.78000000e+00  3.07042217e-07 
 1.79000000e+00  3.07034476e-07 
 1.80000000e+00  3.07026740e-07 
