 0.00000000e+00  1.00000000e-02 
 1.00000000e-09  1.17900000e-02 
 2.00000000e-09  1.35800000e-02 
 4.00000000e-09  1.71600000e-02 
 8.00000000e-09  2.43200000e-02 
 1.60000000e-08  3.86400000e-02 
 3.20000000e-08  6.72800000e-02 
 6.40000000e-08  1.24560000e-01 
 1.28000000e-07  2.39120000e-01 
 2.28000000e-07  4.18120000e-01 
 3.28000000e-07  5.97120000e-01 
 4.28000000e-07  7.76120000e-01 
 5.28000000e-07  9.55120000e-01 
 6.28000000e-07  1.13412000e+00 
 7.28000000e-07  1.31312000e+00 
 8.28000000e-07  1.49212000e+00 
 9.28000000e-07  1.67112000e+00 
 1.00000000e-06  1.80000000e+00 
 1.01000000e-06  1.80000000e+00 
 1.03000000e-06  1.80000000e+00 
 1.07000000e-06  1.80000000e+00 
 1.11798951e-06  1.80000000e+00 
 1.17749629e-06  1.80000000e+00 
 1.25769085e-06  1.80000000e+00 
 1.35769085e-06  1.80000000e+00 
 1.45769085e-06  1.80000000e+00 
 1.55769085e-06  1.80000000e+00 
 1.65769085e-06  1.80000000e+00 
 1.75769085e-06  1.80000000e+00 
 1.85769085e-06  1.80000000e+00 
 1.95769085e-06  1.80000000e+00 
 2.05769085e-06  1.80000000e+00 
 2.15769085e-06  1.80000000e+00 
 2.25769085e-06  1.80000000e+00 
 2.35769085e-06  1.80000000e+00 
 2.45769085e-06  1.80000000e+00 
 2.55769085e-06  1.80000000e+00 
 2.65769085e-06  1.80000000e+00 
 2.75769085e-06  1.80000000e+00 
 2.85769085e-06  1.80000000e+00 
 2.95769085e-06  1.80000000e+00 
 3.05769085e-06  1.80000000e+00 
 3.15769085e-06  1.80000000e+00 
 3.25769085e-06  1.80000000e+00 
 3.35769085e-06  1.80000000e+00 
 3.45769085e-06  1.80000000e+00 
 3.55769085e-06  1.80000000e+00 
 3.65769085e-06  1.80000000e+00 
 3.75769085e-06  1.80000000e+00 
 3.85769085e-06  1.80000000e+00 
 3.95769085e-06  1.80000000e+00 
 4.05769085e-06  1.80000000e+00 
 4.15769085e-06  1.80000000e+00 
 4.25769085e-06  1.80000000e+00 
 4.35769085e-06  1.80000000e+00 
 4.45769085e-06  1.80000000e+00 
 4.55769085e-06  1.80000000e+00 
 4.65769085e-06  1.80000000e+00 
 4.75769085e-06  1.80000000e+00 
 4.85769085e-06  1.80000000e+00 
 4.95769085e-06  1.80000000e+00 
 5.05769085e-06  1.80000000e+00 
 5.15769085e-06  1.80000000e+00 
 5.25769085e-06  1.80000000e+00 
 5.35769085e-06  1.80000000e+00 
 5.45769085e-06  1.80000000e+00 
 5.55769085e-06  1.80000000e+00 
 5.65769085e-06  1.80000000e+00 
 5.75769085e-06  1.80000000e+00 
 5.85769085e-06  1.80000000e+00 
 5.95769085e-06  1.80000000e+00 
 6.05769085e-06  1.80000000e+00 
 6.15769085e-06  1.80000000e+00 
 6.25769085e-06  1.80000000e+00 
 6.35769085e-06  1.80000000e+00 
 6.45769085e-06  1.80000000e+00 
 6.55769085e-06  1.80000000e+00 
 6.65769085e-06  1.80000000e+00 
 6.75769085e-06  1.80000000e+00 
 6.85769085e-06  1.80000000e+00 
 6.95769085e-06  1.80000000e+00 
 7.05769085e-06  1.80000000e+00 
 7.15769085e-06  1.80000000e+00 
 7.25769085e-06  1.80000000e+00 
 7.35769085e-06  1.80000000e+00 
 7.45769085e-06  1.80000000e+00 
 7.55769085e-06  1.80000000e+00 
 7.65769085e-06  1.80000000e+00 
 7.75769085e-06  1.80000000e+00 
 7.85769085e-06  1.80000000e+00 
 7.95769085e-06  1.80000000e+00 
 8.05769085e-06  1.80000000e+00 
 8.15769085e-06  1.80000000e+00 
 8.25769085e-06  1.80000000e+00 
 8.35769085e-06  1.80000000e+00 
 8.45769085e-06  1.80000000e+00 
 8.55769085e-06  1.80000000e+00 
 8.65769085e-06  1.80000000e+00 
 8.75769085e-06  1.80000000e+00 
 8.85769085e-06  1.80000000e+00 
 8.95769085e-06  1.80000000e+00 
 9.05769085e-06  1.80000000e+00 
 9.15769085e-06  1.80000000e+00 
 9.25769085e-06  1.80000000e+00 
 9.35769085e-06  1.80000000e+00 
 9.45769085e-06  1.80000000e+00 
 9.55769085e-06  1.80000000e+00 
 9.65769085e-06  1.80000000e+00 
 9.75769085e-06  1.80000000e+00 
 9.85769085e-06  1.80000000e+00 
 9.95769085e-06  1.80000000e+00 
 1.00576908e-05  1.80000000e+00 
 1.01576908e-05  1.80000000e+00 
 1.02576908e-05  1.80000000e+00 
 1.03576908e-05  1.80000000e+00 
 1.04576908e-05  1.80000000e+00 
 1.05576908e-05  1.80000000e+00 
 1.06576908e-05  1.80000000e+00 
 1.07576908e-05  1.80000000e+00 
 1.08576908e-05  1.80000000e+00 
 1.09576908e-05  1.80000000e+00 
 1.10576908e-05  1.80000000e+00 
 1.11576908e-05  1.80000000e+00 
 1.12576908e-05  1.80000000e+00 
 1.13576908e-05  1.80000000e+00 
 1.14576908e-05  1.80000000e+00 
 1.15576908e-05  1.80000000e+00 
 1.16576908e-05  1.80000000e+00 
 1.17576908e-05  1.80000000e+00 
 1.18576908e-05  1.80000000e+00 
 1.19576908e-05  1.80000000e+00 
 1.20576908e-05  1.80000000e+00 
 1.21576908e-05  1.80000000e+00 
 1.22576908e-05  1.80000000e+00 
 1.23576908e-05  1.80000000e+00 
 1.24576908e-05  1.80000000e+00 
 1.25576908e-05  1.80000000e+00 
 1.26576908e-05  1.80000000e+00 
 1.27576908e-05  1.80000000e+00 
 1.28576908e-05  1.80000000e+00 
 1.29576908e-05  1.80000000e+00 
 1.30576908e-05  1.80000000e+00 
 1.31576908e-05  1.80000000e+00 
 1.32576908e-05  1.80000000e+00 
 1.33576908e-05  1.80000000e+00 
 1.34576908e-05  1.80000000e+00 
 1.35576908e-05  1.80000000e+00 
 1.36576908e-05  1.80000000e+00 
 1.37576908e-05  1.80000000e+00 
 1.38576908e-05  1.80000000e+00 
 1.39576908e-05  1.80000000e+00 
 1.40576908e-05  1.80000000e+00 
 1.41576908e-05  1.80000000e+00 
 1.42576908e-05  1.80000000e+00 
 1.43576908e-05  1.80000000e+00 
 1.44576908e-05  1.80000000e+00 
 1.45576908e-05  1.80000000e+00 
 1.46576908e-05  1.80000000e+00 
 1.47576908e-05  1.80000000e+00 
 1.48576908e-05  1.80000000e+00 
 1.49576908e-05  1.80000000e+00 
 1.50576908e-05  1.80000000e+00 
 1.51576908e-05  1.80000000e+00 
 1.52576908e-05  1.80000000e+00 
 1.53576908e-05  1.80000000e+00 
 1.54576908e-05  1.80000000e+00 
 1.55576908e-05  1.80000000e+00 
 1.56576908e-05  1.80000000e+00 
 1.57576908e-05  1.80000000e+00 
 1.58576908e-05  1.80000000e+00 
 1.59576908e-05  1.80000000e+00 
 1.60576908e-05  1.80000000e+00 
 1.61576908e-05  1.80000000e+00 
 1.62576908e-05  1.80000000e+00 
 1.63576908e-05  1.80000000e+00 
 1.64576908e-05  1.80000000e+00 
 1.65576908e-05  1.80000000e+00 
 1.66576908e-05  1.80000000e+00 
 1.67576908e-05  1.80000000e+00 
 1.68576908e-05  1.80000000e+00 
 1.69576908e-05  1.80000000e+00 
 1.70576908e-05  1.80000000e+00 
 1.71576908e-05  1.80000000e+00 
 1.72576908e-05  1.80000000e+00 
 1.73576908e-05  1.80000000e+00 
 1.74576908e-05  1.80000000e+00 
 1.75576908e-05  1.80000000e+00 
 1.76576908e-05  1.80000000e+00 
 1.77576908e-05  1.80000000e+00 
 1.78576908e-05  1.80000000e+00 
 1.79576908e-05  1.80000000e+00 
 1.80576908e-05  1.80000000e+00 
 1.81576908e-05  1.80000000e+00 
 1.82576908e-05  1.80000000e+00 
 1.83576908e-05  1.80000000e+00 
 1.84576908e-05  1.80000000e+00 
 1.85576908e-05  1.80000000e+00 
 1.86576908e-05  1.80000000e+00 
 1.87576908e-05  1.80000000e+00 
 1.88576908e-05  1.80000000e+00 
 1.89576908e-05  1.80000000e+00 
 1.90576908e-05  1.80000000e+00 
 1.91576908e-05  1.80000000e+00 
 1.92576908e-05  1.80000000e+00 
 1.93576908e-05  1.80000000e+00 
 1.94576908e-05  1.80000000e+00 
 1.95576908e-05  1.80000000e+00 
 1.96576908e-05  1.80000000e+00 
 1.97576908e-05  1.80000000e+00 
 1.98576908e-05  1.80000000e+00 
 1.99576908e-05  1.80000000e+00 
 2.00000000e-05  1.80000000e+00 
