 0.00000000e+00  1.78870449e-11 
 1.00000000e-09  1.39375967e-08 
 2.00000000e-09  1.36152529e-08 
 4.00000000e-09  1.28891688e-08 
 8.00000000e-09  1.26960187e-08 
 1.60000000e-08  1.19737700e-08 
 3.20000000e-08  1.19697051e-08 
 6.40000000e-08  1.13489292e-08 
 1.28000000e-07  1.11512983e-08 
 2.28000000e-07  1.02254517e-08 
 3.28000000e-07  1.00329629e-08 
 4.28000000e-07  9.30773307e-09 
 5.28000000e-07  9.25682366e-09 
 6.28000000e-07  8.65396971e-09 
 7.28000000e-07  8.42310075e-09 
 8.28000000e-07  5.13875367e-07 
 9.28000000e-07  1.11622611e-05 
 1.00000000e-06  8.30977347e-06 
 1.01000000e-06  6.56717178e-06 
 1.03000000e-06  4.35909399e-06 
 1.07000000e-06  2.82121106e-06 
 1.11798951e-06  2.35593626e-06 
 1.17749629e-06  1.87889913e-06 
 1.25769085e-06  1.32687528e-06 
 1.35769085e-06  1.12468005e-06 
 1.45769085e-06  9.31575954e-07 
 1.55769085e-06  8.12795054e-07 
 1.65769085e-06  7.14855246e-07 
 1.75769085e-06  6.66172572e-07 
 1.85769085e-06  6.08235664e-07 
 1.95769085e-06  5.71959503e-07 
 2.05769085e-06  5.36218190e-07 
 2.15769085e-06  5.14126816e-07 
 2.25769085e-06  4.87353914e-07 
 2.35769085e-06  4.73178036e-07 
 2.45769085e-06  4.51563324e-07 
 2.55769085e-06  4.43113774e-07 
 2.65769085e-06  4.25150144e-07 
 2.75769085e-06  4.19950937e-07 
 2.85769085e-06  4.04914829e-07 
 2.95769085e-06  4.01673624e-07 
 3.05769085e-06  3.89046751e-07 
 3.15769085e-06  3.87044338e-07 
 3.25769085e-06  3.76310605e-07 
 3.35769085e-06  3.75164446e-07 
 3.45769085e-06  3.65921820e-07 
 3.55769085e-06  3.65398958e-07 
 3.65769085e-06  3.57347651e-07 
 3.75769085e-06  3.57282887e-07 
 3.85769085e-06  3.50201898e-07 
 3.95769085e-06  3.50477033e-07 
 4.05769085e-06  3.44197404e-07 
 4.15769085e-06  3.44728682e-07 
 4.25769085e-06  3.39115944e-07 
 4.35769085e-06  3.39844400e-07 
 4.45769085e-06  3.34789580e-07 
 4.55769085e-06  3.35673237e-07 
 4.65769085e-06  3.31087208e-07 
 4.75769085e-06  3.32095529e-07 
 4.85769085e-06  3.27905225e-07 
 4.95769085e-06  3.29015624e-07 
 5.05769085e-06  3.25160524e-07 
 5.15769085e-06  3.26355626e-07 
 5.25769085e-06  3.22785366e-07 
 5.35769085e-06  3.24051827e-07 
 5.45769085e-06  3.20724442e-07 
 5.55769085e-06  3.22051753e-07 
 5.65769085e-06  3.18932017e-07 
 5.75769085e-06  3.20311711e-07 
 5.85769085e-06  3.17369968e-07 
 5.95769085e-06  3.18795119e-07 
 6.05769085e-06  3.16006319e-07 
 6.15769085e-06  3.17471165e-07 
 6.25769085e-06  3.14814081e-07 
 6.35769085e-06  3.16313755e-07 
 6.45769085e-06  3.13770368e-07 
 6.55769085e-06  3.15300735e-07 
 6.65769085e-06  3.12855659e-07 
 6.75769085e-06  3.14413100e-07 
 6.85769085e-06  3.12053185e-07 
 6.95769085e-06  3.13634572e-07 
 7.05769085e-06  3.11348574e-07 
 7.15769085e-06  3.12951186e-07 
 7.25769085e-06  3.10729486e-07 
 7.35769085e-06  3.12350890e-07 
 7.45769085e-06  3.10185153e-07 
 7.55769085e-06  3.11823190e-07 
 7.65769085e-06  3.09706257e-07 
 7.75769085e-06  3.11359044e-07 
 7.85769085e-06  3.09284735e-07 
 7.95769085e-06  3.10950591e-07 
 8.05769085e-06  3.08913551e-07 
 8.15769085e-06  3.10590986e-07 
 8.25769085e-06  3.08586572e-07 
 8.35769085e-06  3.10274259e-07 
 8.45769085e-06  3.08298439e-07 
 8.55769085e-06  3.09995200e-07 
 8.65769085e-06  3.08044456e-07 
 8.75769085e-06  3.09749234e-07 
 8.85769085e-06  3.07820530e-07 
 8.95769085e-06  3.09532414e-07 
 9.05769085e-06  3.07623082e-07 
 9.15769085e-06  3.09341225e-07 
 9.25769085e-06  3.07448922e-07 
 9.35769085e-06  3.09172576e-07 
 9.45769085e-06  3.07295270e-07 
 9.55769085e-06  3.09023803e-07 
 9.65769085e-06  3.07159730e-07 
 9.75769085e-06  3.08892559e-07 
 9.85769085e-06  3.07040136e-07 
 9.95769085e-06  3.08776733e-07 
 1.00576908e-05  3.06934589e-07 
 1.01576908e-05  3.08674504e-07 
 1.02576908e-05  3.06841436e-07 
 1.03576908e-05  3.08583434e-07 
 1.04576908e-05  3.06754909e-07 
 1.05576908e-05  3.08493925e-07 
 1.06576908e-05  3.06668617e-07 
 1.07576908e-05  3.08409690e-07 
 1.08576908e-05  3.06592598e-07 
 1.09576908e-05  3.08337494e-07 
 1.10576908e-05  3.06527000e-07 
 1.11576908e-05  3.08274201e-07 
 1.12576908e-05  3.06469147e-07 
 1.13576908e-05  3.08218509e-07 
 1.14576908e-05  3.06418511e-07 
 1.15576908e-05  3.08169863e-07 
 1.16576908e-05  3.06374317e-07 
 1.17576908e-05  3.08127354e-07 
 1.18576908e-05  3.06335717e-07 
 1.19576908e-05  3.08090224e-07 
 1.20576908e-05  3.06302052e-07 
 1.21576908e-05  3.08057842e-07 
 1.22576908e-05  3.06272733e-07 
 1.23576908e-05  3.08029633e-07 
 1.24576908e-05  3.06247230e-07 
 1.25576908e-05  3.08005092e-07 
 1.26576908e-05  3.06225081e-07 
 1.27576908e-05  3.07983776e-07 
 1.28576908e-05  3.06205879e-07 
 1.29576908e-05  3.07965293e-07 
 1.30576908e-05  3.06189265e-07 
 1.31576908e-05  3.07949299e-07 
 1.32576908e-05  3.06174922e-07 
 1.33576908e-05  3.07935490e-07 
 1.34576908e-05  3.06162573e-07 
 1.35576908e-05  3.07923598e-07 
 1.36576908e-05  3.06151970e-07 
 1.37576908e-05  3.07913387e-07 
 1.38576908e-05  3.06142899e-07 
 1.39576908e-05  3.07904651e-07 
 1.40576908e-05  3.06135169e-07 
 1.41576908e-05  3.07897206e-07 
 1.42576908e-05  3.06128614e-07 
 1.43576908e-05  3.07890892e-07 
 1.44576908e-05  3.06123085e-07 
 1.45576908e-05  3.07885568e-07 
 1.46576908e-05  3.06118455e-07 
 1.47576908e-05  3.07881109e-07 
 1.48576908e-05  3.06114607e-07 
 1.49576908e-05  3.07877404e-07 
 1.50576908e-05  3.06111442e-07 
 1.51576908e-05  3.07874357e-07 
 1.52576908e-05  3.06108871e-07 
 1.53576908e-05  3.07871884e-07 
 1.54576908e-05  3.06106817e-07 
 1.55576908e-05  3.07869908e-07 
 1.56576908e-05  3.06105211e-07 
 1.57576908e-05  3.07868366e-07 
 1.58576908e-05  3.06103993e-07 
 1.59576908e-05  3.07867197e-07 
 1.60576908e-05  3.06103111e-07 
 1.61576908e-05  3.07866353e-07 
 1.62576908e-05  3.06102518e-07 
 1.63576908e-05  3.07865788e-07 
 1.64576908e-05  3.06102174e-07 
 1.65576908e-05  3.07865463e-07 
 1.66576908e-05  3.06102042e-07 
 1.67576908e-05  3.07865345e-07 
 1.68576908e-05  3.06102093e-07 
 1.69576908e-05  3.07865402e-07 
 1.70576908e-05  3.06102299e-07 
 1.71576908e-05  3.07865608e-07 
 1.72576908e-05  3.06102635e-07 
 1.73576908e-05  3.07865941e-07 
 1.74576908e-05  3.06103081e-07 
 1.75576908e-05  3.07866380e-07 
 1.76576908e-05  3.06103619e-07 
 1.77576908e-05  3.07866908e-07 
 1.78576908e-05  3.06104232e-07 
 1.79576908e-05  3.07867509e-07 
 1.80576908e-05  3.06104908e-07 
 1.81576908e-05  3.07868171e-07 
 1.82576908e-05  3.06105633e-07 
 1.83576908e-05  3.07868880e-07 
 1.84576908e-05  3.06106398e-07 
 1.85576908e-05  3.07869627e-07 
 1.86576908e-05  3.06107193e-07 
 1.87576908e-05  3.07870404e-07 
 1.88576908e-05  3.06108010e-07 
 1.89576908e-05  3.07871203e-07 
 1.90576908e-05  3.06108844e-07 
 1.91576908e-05  3.07872016e-07 
 1.92576908e-05  3.06109687e-07 
 1.93576908e-05  3.07872839e-07 
 1.94576908e-05  3.06110535e-07 
 1.95576908e-05  3.07873667e-07 
 1.96576908e-05  3.06111383e-07 
 1.97576908e-05  3.07874495e-07 
 1.98576908e-05  3.06112229e-07 
 1.99576908e-05  3.07875321e-07 
 2.00000000e-05  3.06112808e-07 
