-4.00000000e+01  2.73453121e-07 
-3.90000000e+01  2.72561261e-07 
-3.80000000e+01  2.71825030e-07 
-3.70000000e+01  2.71015708e-07 
-3.60000000e+01  2.70209944e-07 
-3.50000000e+01  2.69408046e-07 
-3.40000000e+01  2.68610346e-07 
-3.30000000e+01  2.67817154e-07 
-3.20000000e+01  2.67028770e-07 
-3.10000000e+01  2.66245482e-07 
-3.00000000e+01  2.65467565e-07 
-2.90000000e+01  2.64695284e-07 
-2.80000000e+01  2.63928893e-07 
-2.70000000e+01  2.63168633e-07 
-2.60000000e+01  2.62414734e-07 
-2.50000000e+01  2.61667414e-07 
-2.40000000e+01  2.60926881e-07 
-2.30000000e+01  2.60193329e-07 
-2.20000000e+01  2.59466945e-07 
-2.10000000e+01  2.58747900e-07 
-2.00000000e+01  2.58036359e-07 
-1.90000000e+01  2.57332472e-07 
-1.80000000e+01  2.56636382e-07 
-1.70000000e+01  2.55948218e-07 
-1.60000000e+01  2.55268103e-07 
-1.50000000e+01  2.54596146e-07 
-1.40000000e+01  2.53932450e-07 
-1.30000000e+01  2.53277106e-07 
-1.20000000e+01  2.52630197e-07 
-1.10000000e+01  2.51991795e-07 
-1.00000000e+01  2.51361968e-07 
-9.00000000e+00  2.50740770e-07 
-8.00000000e+00  2.50128251e-07 
-7.00000000e+00  2.49524451e-07 
-6.00000000e+00  2.48929403e-07 
-5.00000000e+00  2.48343134e-07 
-4.00000000e+00  2.47765661e-07 
-3.00000000e+00  2.47196997e-07 
-2.00000000e+00  2.46637148e-07 
-1.00000000e+00  2.46086112e-07 
 0.00000000e+00  2.45543883e-07 
 1.00000000e+00  2.45010449e-07 
 2.00000000e+00  2.44485792e-07 
 3.00000000e+00  2.43969891e-07 
 4.00000000e+00  2.43462716e-07 
 5.00000000e+00  2.42964236e-07 
 6.00000000e+00  2.42474414e-07 
 7.00000000e+00  2.41993210e-07 
 8.00000000e+00  2.41520579e-07 
 9.00000000e+00  2.41056473e-07 
 1.00000000e+01  2.40600840e-07 
 1.10000000e+01  2.40153626e-07 
 1.20000000e+01  2.39714772e-07 
 1.30000000e+01  2.39284218e-07 
 1.40000000e+01  2.38861901e-07 
 1.50000000e+01  2.38447755e-07 
 1.60000000e+01  2.38041712e-07 
 1.70000000e+01  2.37643702e-07 
 1.80000000e+01  2.37253654e-07 
 1.90000000e+01  2.36871494e-07 
 2.00000000e+01  2.36497147e-07 
 2.10000000e+01  2.36130536e-07 
 2.20000000e+01  2.35771584e-07 
 2.30000000e+01  2.35420212e-07 
 2.40000000e+01  2.35076340e-07 
 2.50000000e+01  2.34739888e-07 
 2.60000000e+01  2.34410774e-07 
 2.70000000e+01  2.34088915e-07 
 2.80000000e+01  2.33774230e-07 
 2.90000000e+01  2.33466635e-07 
 3.00000000e+01  2.33166048e-07 
 3.10000000e+01  2.32872383e-07 
 3.20000000e+01  2.32585559e-07 
 3.30000000e+01  2.32305491e-07 
 3.40000000e+01  2.32032095e-07 
 3.50000000e+01  2.31765288e-07 
 3.60000000e+01  2.31504986e-07 
 3.70000000e+01  2.31251106e-07 
 3.80000000e+01  2.31003565e-07 
 3.90000000e+01  2.30762281e-07 
 4.00000000e+01  2.30527171e-07 
 4.10000000e+01  2.30298154e-07 
 4.20000000e+01  2.30075148e-07 
 4.30000000e+01  2.29858073e-07 
 4.40000000e+01  2.29646849e-07 
 4.50000000e+01  2.29441395e-07 
 4.60000000e+01  2.29241634e-07 
 4.70000000e+01  2.29047488e-07 
 4.80000000e+01  2.28858878e-07 
 4.90000000e+01  2.28675728e-07 
 5.00000000e+01  2.28497964e-07 
 5.10000000e+01  2.28325508e-07 
 5.20000000e+01  2.28158288e-07 
 5.30000000e+01  2.27996230e-07 
 5.40000000e+01  2.27839261e-07 
 5.50000000e+01  2.27687311e-07 
 5.60000000e+01  2.27540307e-07 
 5.70000000e+01  2.27398182e-07 
 5.80000000e+01  2.27260865e-07 
 5.90000000e+01  2.27128289e-07 
 6.00000000e+01  2.27000387e-07 
 6.10000000e+01  2.26877093e-07 
 6.20000000e+01  2.26758342e-07 
 6.30000000e+01  2.26644070e-07 
 6.40000000e+01  2.26534215e-07 
 6.50000000e+01  2.26428713e-07 
 6.60000000e+01  2.26327503e-07 
 6.70000000e+01  2.26230526e-07 
 6.80000000e+01  2.26137723e-07 
 6.90000000e+01  2.26049034e-07 
 7.00000000e+01  2.25964402e-07 
 7.10000000e+01  2.25883771e-07 
 7.20000000e+01  2.25807085e-07 
 7.30000000e+01  2.25734289e-07 
 7.40000000e+01  2.25665330e-07 
 7.50000000e+01  2.25600154e-07 
 7.60000000e+01  2.25538709e-07 
 7.70000000e+01  2.25480943e-07 
 7.80000000e+01  2.25426805e-07 
 7.90000000e+01  2.25376245e-07 
 8.00000000e+01  2.25329214e-07 
 8.10000000e+01  2.25285663e-07 
 8.20000000e+01  2.25245543e-07 
 8.30000000e+01  2.25208807e-07 
 8.40000000e+01  2.25175408e-07 
 8.50000000e+01  2.25145298e-07 
 8.60000000e+01  2.25118431e-07 
 8.70000000e+01  2.25094761e-07 
 8.80000000e+01  2.25074242e-07 
 8.90000000e+01  2.25056828e-07 
 9.00000000e+01  2.25042474e-07 
 9.10000000e+01  2.25031134e-07 
 9.20000000e+01  2.25022761e-07 
 9.30000000e+01  2.25017311e-07 
 9.40000000e+01  2.25014737e-07 
 9.50000000e+01  2.25014991e-07 
 9.60000000e+01  2.25018028e-07 
 9.70000000e+01  2.25023799e-07 
 9.80000000e+01  2.25032254e-07 
 9.90000000e+01  2.25043346e-07 
 1.00000000e+02  2.25057023e-07 
 1.01000000e+02  2.25073232e-07 
 1.02000000e+02  2.25091921e-07 
 1.03000000e+02  2.25113035e-07 
 1.04000000e+02  2.25136515e-07 
 1.05000000e+02  2.25162304e-07 
 1.06000000e+02  2.25190340e-07 
 1.07000000e+02  2.25220559e-07 
 1.08000000e+02  2.25252894e-07 
 1.09000000e+02  2.25287276e-07 
 1.10000000e+02  2.25323632e-07 
 1.11000000e+02  2.25361884e-07 
 1.12000000e+02  2.25401952e-07 
 1.13000000e+02  2.25443752e-07 
 1.14000000e+02  2.25487192e-07 
 1.15000000e+02  2.25532179e-07 
 1.16000000e+02  2.25578612e-07 
 1.17000000e+02  2.25626385e-07 
 1.18000000e+02  2.25675385e-07 
 1.19000000e+02  2.25725494e-07 
 1.20000000e+02  2.25776584e-07 
 1.21000000e+02  2.25828521e-07 
 1.22000000e+02  2.25881162e-07 
 1.23000000e+02  2.25934356e-07 
 1.24000000e+02  2.25987939e-07 
 1.25000000e+02  2.26041742e-07 
