 1.00000000e-02  3.41462714e-13 
 2.00000000e-02  6.57180054e-13 
 3.00000000e-02  9.54320992e-13 
 4.00000000e-02  1.23992658e-12 
 5.00000000e-02  1.52087387e-12 
 6.00000000e-02  1.80499300e-12 
 7.00000000e-02  2.10158594e-12 
 8.00000000e-02  2.42243842e-12 
 9.00000000e-02  2.78351306e-12 
 1.00000000e-01  3.20781117e-12 
 1.10000000e-01  3.72930342e-12 
 1.20000000e-01  4.39482978e-12 
 1.30000000e-01  5.25255824e-12 
 1.40000000e-01  6.35356112e-12 
 1.50000000e-01  7.73490988e-12 
 1.60000000e-01  9.49090166e-12 
 1.70000000e-01  1.17903175e-11 
 1.80000000e-01  1.49285486e-11 
 1.90000000e-01  1.93723263e-11 
 2.00000000e-01  2.57624097e-11 
 2.10000000e-01  3.48520267e-11 
 2.20000000e-01  4.74781873e-11 
 2.30000000e-01  6.46247857e-11 
 2.40000000e-01  8.75324073e-11 
 2.50000000e-01  1.17809276e-10 
 2.60000000e-01  1.57528548e-10 
 2.70000000e-01  2.09328338e-10 
 2.80000000e-01  2.76530343e-10 
 2.90000000e-01  3.63279654e-10 
 3.00000000e-01  4.74704468e-10 
 3.10000000e-01  6.17094814e-10 
 3.20000000e-01  7.98099069e-10 
 3.30000000e-01  1.02693650e-09 
 3.40000000e-01  1.31462387e-09 
 3.50000000e-01  1.67421448e-09 
 3.60000000e-01  2.12104828e-09 
 3.70000000e-01  2.67301250e-09 
 3.80000000e-01  3.35081202e-09 
 3.90000000e-01  4.17824818e-09 
 4.00000000e-01  5.18250174e-09 
 4.10000000e-01  6.39441210e-09 
 4.20000000e-01  7.84873843e-09 
 4.30000000e-01  9.58438146e-09 
 4.40000000e-01  1.16445380e-08 
 4.50000000e-01  1.40767545e-08 
 4.60000000e-01  1.69328444e-08 
 4.70000000e-01  2.02686350e-08 
 4.80000000e-01  2.41435172e-08 
 4.90000000e-01  2.86197811e-08 
 5.00000000e-01  3.37617311e-08 
 5.10000000e-01  3.96345876e-08 
 5.20000000e-01  4.63031880e-08 
 5.30000000e-01  5.38305028e-08 
 5.40000000e-01  6.22759759e-08 
 5.50000000e-01  7.16936832e-08 
 5.60000000e-01  8.21302753e-08 
 5.70000000e-01  9.36226277e-08 
 5.80000000e-01  1.06195058e-07 
 5.90000000e-01  1.19855866e-07 
 6.00000000e-01  1.34592808e-07 
 6.10000000e-01  1.50366820e-07 
 6.20000000e-01  1.67102888e-07 
 6.30000000e-01  1.84676068e-07 
 6.40000000e-01  2.02889059e-07 
 6.50000000e-01  2.21434563e-07 
 6.60000000e-01  2.39829343e-07 
 6.70000000e-01  2.57295334e-07 
 6.80000000e-01  2.72550194e-07 
 6.90000000e-01  2.83518908e-07 
 7.00000000e-01  2.87255435e-07 
 7.10000000e-01  2.83407575e-07 
 7.20000000e-01  2.75140298e-07 
 7.30000000e-01  2.66715970e-07 
 7.40000000e-01  2.59628262e-07 
 7.50000000e-01  2.54042922e-07 
 7.60000000e-01  2.49715142e-07 
 7.70000000e-01  2.46365230e-07 
 7.80000000e-01  2.43763244e-07 
 7.90000000e-01  2.41735251e-07 
 8.00000000e-01  2.40152493e-07 
 8.10000000e-01  2.38918921e-07 
 8.20000000e-01  2.37960785e-07 
 8.30000000e-01  2.37219394e-07 
 8.40000000e-01  2.36647071e-07 
 8.50000000e-01  2.36205247e-07 
 8.60000000e-01  2.35863289e-07 
 8.70000000e-01  2.35597353e-07 
 8.80000000e-01  2.35389175e-07 
 8.90000000e-01  2.35224927e-07 
 9.00000000e-01  2.35094205e-07 
 9.10000000e-01  2.34989206e-07 
 9.20000000e-01  2.34904072e-07 
 9.30000000e-01  2.34834392e-07 
 9.40000000e-01  2.34776830e-07 
 9.50000000e-01  2.34728844e-07 
 9.60000000e-01  2.34688485e-07 
 9.70000000e-01  2.34654249e-07 
 9.80000000e-01  2.34624964e-07 
 9.90000000e-01  2.34599709e-07 
 1.00000000e+00  2.34577758e-07 
 1.01000000e+00  2.34558532e-07 
 1.02000000e+00  2.34541564e-07 
 1.03000000e+00  2.34526481e-07 
 1.04000000e+00  2.34512976e-07 
 1.05000000e+00  2.34500800e-07 
 1.06000000e+00  2.34489745e-07 
 1.07000000e+00  2.34479643e-07 
 1.08000000e+00  2.34470350e-07 
 1.09000000e+00  2.34461749e-07 
 1.10000000e+00  2.34453738e-07 
 1.11000000e+00  2.34446234e-07 
 1.12000000e+00  2.34439164e-07 
 1.13000000e+00  2.34432469e-07 
 1.14000000e+00  2.34426095e-07 
 1.15000000e+00  2.34419998e-07 
 1.16000000e+00  2.34414138e-07 
 1.17000000e+00  2.34408484e-07 
 1.18000000e+00  2.34403006e-07 
 1.19000000e+00  2.34397679e-07 
 1.20000000e+00  2.34392481e-07 
 1.21000000e+00  2.34387393e-07 
 1.22000000e+00  2.34382398e-07 
 1.23000000e+00  2.34377482e-07 
 1.24000000e+00  2.34372632e-07 
 1.25000000e+00  2.34367836e-07 
 1.26000000e+00  2.34363085e-07 
 1.27000000e+00  2.34358370e-07 
 1.28000000e+00  2.34353683e-07 
 1.29000000e+00  2.34349017e-07 
 1.30000000e+00  2.34344367e-07 
 1.31000000e+00  2.34339726e-07 
 1.32000000e+00  2.34335090e-07 
 1.33000000e+00  2.34330455e-07 
 1.34000000e+00  2.34325817e-07 
 1.35000000e+00  2.34321174e-07 
 1.36000000e+00  2.34316521e-07 
 1.37000000e+00  2.34311856e-07 
 1.38000000e+00  2.34307177e-07 
 1.39000000e+00  2.34302483e-07 
 1.40000000e+00  2.34297770e-07 
 1.41000000e+00  2.34293039e-07 
 1.42000000e+00  2.34288287e-07 
 1.43000000e+00  2.34283513e-07 
 1.44000000e+00  2.34278716e-07 
 1.45000000e+00  2.34273895e-07 
 1.46000000e+00  2.34269050e-07 
 1.47000000e+00  2.34264180e-07 
 1.48000000e+00  2.34259284e-07 
 1.49000000e+00  2.34254362e-07 
 1.50000000e+00  2.34249414e-07 
 1.51000000e+00  2.34244439e-07 
 1.52000000e+00  2.34239437e-07 
 1.53000000e+00  2.34234407e-07 
 1.54000000e+00  2.34229351e-07 
 1.55000000e+00  2.34224267e-07 
 1.56000000e+00  2.34219156e-07 
 1.57000000e+00  2.34214018e-07 
 1.58000000e+00  2.34208853e-07 
 1.59000000e+00  2.34203661e-07 
 1.60000000e+00  2.34198442e-07 
 1.61000000e+00  2.34193196e-07 
 1.62000000e+00  2.34187924e-07 
 1.63000000e+00  2.34182626e-07 
 1.64000000e+00  2.34177302e-07 
 1.65000000e+00  2.34171953e-07 
 1.66000000e+00  2.34166578e-07 
 1.67000000e+00  2.34161178e-07 
 1.68000000e+00  2.34155753e-07 
 1.69000000e+00  2.34150305e-07 
 1.70000000e+00  2.34144833e-07 
 1.71000000e+00  2.34139337e-07 
 1.72000000e+00  2.34133819e-07 
 1.73000000e+00  2.34128278e-07 
 1.74000000e+00  2.34122716e-07 
 1.75000000e+00  2.34117132e-07 
 1.76000000e+00  2.34111528e-07 
 1.77000000e+00  2.34105903e-07 
 1.78000000e+00  2.34100259e-07 
 1.79000000e+00  2.34094596e-07 
 1.80000000e+00  2.34088915e-07 
