 0.00000000e+00  1.00000000e-02 
 1.00000000e-09  1.17900000e-02 
 2.00000000e-09  1.35800000e-02 
 4.00000000e-09  1.71600000e-02 
 8.00000000e-09  2.43200000e-02 
 1.60000000e-08  3.86400000e-02 
 3.20000000e-08  6.72800000e-02 
 6.40000000e-08  1.24560000e-01 
 1.28000000e-07  2.39120000e-01 
 2.28000000e-07  4.18120000e-01 
 3.28000000e-07  5.97120000e-01 
 4.28000000e-07  7.76120000e-01 
 5.28000000e-07  9.55120000e-01 
 6.28000000e-07  1.13412000e+00 
 7.28000000e-07  1.31312000e+00 
 8.28000000e-07  1.49212000e+00 
 9.28000000e-07  1.67112000e+00 
 1.00000000e-06  1.80000000e+00 
 1.01000000e-06  1.80000000e+00 
 1.03000000e-06  1.80000000e+00 
 1.07000000e-06  1.80000000e+00 
 1.10867508e-06  1.80000000e+00 
 1.14509129e-06  1.80000000e+00 
 1.18167650e-06  1.80000000e+00 
 1.22082376e-06  1.80000000e+00 
 1.26519616e-06  1.80000000e+00 
 1.32269275e-06  1.80000000e+00 
 1.42269275e-06  1.80000000e+00 
 1.52269275e-06  1.80000000e+00 
 1.62269275e-06  1.80000000e+00 
 1.72269275e-06  1.80000000e+00 
 1.82269275e-06  1.80000000e+00 
 1.92269275e-06  1.80000000e+00 
 2.02269275e-06  1.80000000e+00 
 2.12269275e-06  1.80000000e+00 
 2.22269275e-06  1.80000000e+00 
 2.32269275e-06  1.80000000e+00 
 2.42269275e-06  1.80000000e+00 
 2.52269275e-06  1.80000000e+00 
 2.62269275e-06  1.80000000e+00 
 2.72269275e-06  1.80000000e+00 
 2.82269275e-06  1.80000000e+00 
 2.92269275e-06  1.80000000e+00 
 3.02269275e-06  1.80000000e+00 
 3.12269275e-06  1.80000000e+00 
 3.22269275e-06  1.80000000e+00 
 3.32269275e-06  1.80000000e+00 
 3.42269275e-06  1.80000000e+00 
 3.52269275e-06  1.80000000e+00 
 3.62269275e-06  1.80000000e+00 
 3.72269275e-06  1.80000000e+00 
 3.82269275e-06  1.80000000e+00 
 3.92269275e-06  1.80000000e+00 
 4.02269275e-06  1.80000000e+00 
 4.12269275e-06  1.80000000e+00 
 4.22269275e-06  1.80000000e+00 
 4.32269275e-06  1.80000000e+00 
 4.42269275e-06  1.80000000e+00 
 4.52269275e-06  1.80000000e+00 
 4.62269275e-06  1.80000000e+00 
 4.72269275e-06  1.80000000e+00 
 4.82269275e-06  1.80000000e+00 
 4.92269275e-06  1.80000000e+00 
 5.02269275e-06  1.80000000e+00 
 5.12269275e-06  1.80000000e+00 
 5.22269275e-06  1.80000000e+00 
 5.32269275e-06  1.80000000e+00 
 5.42269275e-06  1.80000000e+00 
 5.52269275e-06  1.80000000e+00 
 5.62269275e-06  1.80000000e+00 
 5.72269275e-06  1.80000000e+00 
 5.82269275e-06  1.80000000e+00 
 5.92269275e-06  1.80000000e+00 
 6.02269275e-06  1.80000000e+00 
 6.12269275e-06  1.80000000e+00 
 6.22269275e-06  1.80000000e+00 
 6.32269275e-06  1.80000000e+00 
 6.42269275e-06  1.80000000e+00 
 6.52269275e-06  1.80000000e+00 
 6.62269275e-06  1.80000000e+00 
 6.72269275e-06  1.80000000e+00 
 6.82269275e-06  1.80000000e+00 
 6.92269275e-06  1.80000000e+00 
 7.02269275e-06  1.80000000e+00 
 7.12269275e-06  1.80000000e+00 
 7.22269275e-06  1.80000000e+00 
 7.32269275e-06  1.80000000e+00 
 7.42269275e-06  1.80000000e+00 
 7.52269275e-06  1.80000000e+00 
 7.62269275e-06  1.80000000e+00 
 7.72269275e-06  1.80000000e+00 
 7.82269275e-06  1.80000000e+00 
 7.92269275e-06  1.80000000e+00 
 8.02269275e-06  1.80000000e+00 
 8.12269275e-06  1.80000000e+00 
 8.22269275e-06  1.80000000e+00 
 8.32269275e-06  1.80000000e+00 
 8.42269275e-06  1.80000000e+00 
 8.52269275e-06  1.80000000e+00 
 8.62269275e-06  1.80000000e+00 
 8.72269275e-06  1.80000000e+00 
 8.82269275e-06  1.80000000e+00 
 8.92269275e-06  1.80000000e+00 
 9.02269275e-06  1.80000000e+00 
 9.12269275e-06  1.80000000e+00 
 9.22269275e-06  1.80000000e+00 
 9.32269275e-06  1.80000000e+00 
 9.42269275e-06  1.80000000e+00 
 9.52269275e-06  1.80000000e+00 
 9.62269275e-06  1.80000000e+00 
 9.72269275e-06  1.80000000e+00 
 9.82269275e-06  1.80000000e+00 
 9.92269275e-06  1.80000000e+00 
 1.00226927e-05  1.80000000e+00 
 1.01226927e-05  1.80000000e+00 
 1.02226927e-05  1.80000000e+00 
 1.03226927e-05  1.80000000e+00 
 1.04226927e-05  1.80000000e+00 
 1.05226927e-05  1.80000000e+00 
 1.06226927e-05  1.80000000e+00 
 1.07226927e-05  1.80000000e+00 
 1.08226927e-05  1.80000000e+00 
 1.09226927e-05  1.80000000e+00 
 1.10226927e-05  1.80000000e+00 
 1.11226927e-05  1.80000000e+00 
 1.12226927e-05  1.80000000e+00 
 1.13226927e-05  1.80000000e+00 
 1.14226927e-05  1.80000000e+00 
 1.15226927e-05  1.80000000e+00 
 1.16226927e-05  1.80000000e+00 
 1.17226927e-05  1.80000000e+00 
 1.18226927e-05  1.80000000e+00 
 1.19226927e-05  1.80000000e+00 
 1.20226927e-05  1.80000000e+00 
 1.21226927e-05  1.80000000e+00 
 1.22226927e-05  1.80000000e+00 
 1.23226927e-05  1.80000000e+00 
 1.24226927e-05  1.80000000e+00 
 1.25226927e-05  1.80000000e+00 
 1.26226927e-05  1.80000000e+00 
 1.27226927e-05  1.80000000e+00 
 1.28226927e-05  1.80000000e+00 
 1.29226927e-05  1.80000000e+00 
 1.30226927e-05  1.80000000e+00 
 1.31226927e-05  1.80000000e+00 
 1.32226927e-05  1.80000000e+00 
 1.33226927e-05  1.80000000e+00 
 1.34226927e-05  1.80000000e+00 
 1.35226927e-05  1.80000000e+00 
 1.36226927e-05  1.80000000e+00 
 1.37226927e-05  1.80000000e+00 
 1.38226927e-05  1.80000000e+00 
 1.39226927e-05  1.80000000e+00 
 1.40226927e-05  1.80000000e+00 
 1.41226927e-05  1.80000000e+00 
 1.42226927e-05  1.80000000e+00 
 1.43226927e-05  1.80000000e+00 
 1.44226927e-05  1.80000000e+00 
 1.45226927e-05  1.80000000e+00 
 1.46226927e-05  1.80000000e+00 
 1.47226927e-05  1.80000000e+00 
 1.48226927e-05  1.80000000e+00 
 1.49226927e-05  1.80000000e+00 
 1.50226927e-05  1.80000000e+00 
 1.51226927e-05  1.80000000e+00 
 1.52226927e-05  1.80000000e+00 
 1.53226927e-05  1.80000000e+00 
 1.54226927e-05  1.80000000e+00 
 1.55226927e-05  1.80000000e+00 
 1.56226927e-05  1.80000000e+00 
 1.57226927e-05  1.80000000e+00 
 1.58226927e-05  1.80000000e+00 
 1.59226927e-05  1.80000000e+00 
 1.60226927e-05  1.80000000e+00 
 1.61226927e-05  1.80000000e+00 
 1.62226927e-05  1.80000000e+00 
 1.63226927e-05  1.80000000e+00 
 1.64226927e-05  1.80000000e+00 
 1.65226927e-05  1.80000000e+00 
 1.66226927e-05  1.80000000e+00 
 1.67226927e-05  1.80000000e+00 
 1.68226927e-05  1.80000000e+00 
 1.69226927e-05  1.80000000e+00 
 1.70226927e-05  1.80000000e+00 
 1.71226927e-05  1.80000000e+00 
 1.72226927e-05  1.80000000e+00 
 1.73226927e-05  1.80000000e+00 
 1.74226927e-05  1.80000000e+00 
 1.75226927e-05  1.80000000e+00 
 1.76226927e-05  1.80000000e+00 
 1.77226927e-05  1.80000000e+00 
 1.78226927e-05  1.80000000e+00 
 1.79226927e-05  1.80000000e+00 
 1.80226927e-05  1.80000000e+00 
 1.81226927e-05  1.80000000e+00 
 1.82226927e-05  1.80000000e+00 
 1.83226927e-05  1.80000000e+00 
 1.84226927e-05  1.80000000e+00 
 1.85226927e-05  1.80000000e+00 
 1.86226927e-05  1.80000000e+00 
 1.87226927e-05  1.80000000e+00 
 1.88226927e-05  1.80000000e+00 
 1.89226927e-05  1.80000000e+00 
 1.90226927e-05  1.80000000e+00 
 1.91226927e-05  1.80000000e+00 
 1.92226927e-05  1.80000000e+00 
 1.93226927e-05  1.80000000e+00 
 1.94226927e-05  1.80000000e+00 
 1.95226927e-05  1.80000000e+00 
 1.96226927e-05  1.80000000e+00 
 1.97226927e-05  1.80000000e+00 
 1.98226927e-05  1.80000000e+00 
 1.99226927e-05  1.80000000e+00 
 2.00000000e-05  1.80000000e+00 
