 0.00000000e+00  3.41462714e-13 
 1.00000000e-09  1.25995080e-08 
 2.00000000e-09  1.25414502e-08 
 4.00000000e-09  1.24006101e-08 
 8.00000000e-09  1.23343837e-08 
 1.60000000e-08  1.21298201e-08 
 3.20000000e-08  1.19826020e-08 
 6.40000000e-08  1.16013546e-08 
 1.28000000e-07  1.10929826e-08 
 2.28000000e-07  1.03228151e-08 
 3.28000000e-07  9.80952776e-09 
 4.28000000e-07  9.26616316e-09 
 5.28000000e-07  8.91946441e-09 
 6.28000000e-07  8.50292557e-09 
 7.28000000e-07  8.25424962e-09 
 8.28000000e-07  7.70825458e-09 
 9.28000000e-07  3.22620883e-08 
 1.00000000e-06  1.48276640e-06 
 1.01000000e-06  1.98765802e-06 
 1.03000000e-06  3.34715629e-06 
 1.07000000e-06  9.98443197e-06 
 1.10867508e-06  1.26522866e-05 
 1.14509129e-06  6.03111826e-06 
 1.18167650e-06  3.70982966e-06 
 1.22082376e-06  3.64851202e-06 
 1.26519616e-06  2.48674888e-06 
 1.32269275e-06  1.92184129e-06 
 1.42269275e-06  1.28036280e-06 
 1.52269275e-06  1.14190120e-06 
 1.62269275e-06  8.04279892e-07 
 1.72269275e-06  7.61488196e-07 
 1.82269275e-06  6.62084311e-07 
 1.92269275e-06  5.89094868e-07 
 2.02269275e-06  5.42265077e-07 
 2.12269275e-06  4.94116051e-07 
 2.22269275e-06  4.67035859e-07 
 2.32269275e-06  4.44448757e-07 
 2.42269275e-06  4.11913432e-07 
 2.52269275e-06  4.06678902e-07 
 2.62269275e-06  3.76085595e-07 
 2.72269275e-06  3.77009471e-07 
 2.82269275e-06  3.52231154e-07 
 2.92269275e-06  3.52173004e-07 
 3.02269275e-06  3.34759305e-07 
 3.12269275e-06  3.32324567e-07 
 3.22269275e-06  3.21017884e-07 
 3.32269275e-06  3.16685242e-07 
 3.42269275e-06  3.09710444e-07 
 3.52269275e-06  3.04171436e-07 
 3.62269275e-06  3.00296086e-07 
 3.72269275e-06  2.93963279e-07 
 3.82269275e-06  2.92392897e-07 
 3.92269275e-06  2.85510734e-07 
 4.02269275e-06  2.85681260e-07 
 4.12269275e-06  2.78446909e-07 
 4.22269275e-06  2.79917521e-07 
 4.32269275e-06  2.72502020e-07 
 4.42269275e-06  2.74923079e-07 
 4.52269275e-06  2.67465520e-07 
 4.62269275e-06  2.70565803e-07 
 4.72269275e-06  2.63172093e-07 
 4.82269275e-06  2.66744545e-07 
 4.92269275e-06  2.59491347e-07 
 5.02269275e-06  2.63379375e-07 
 5.12269275e-06  2.56319818e-07 
 5.22269275e-06  2.60406071e-07 
 5.32269275e-06  2.53574526e-07 
 5.42269275e-06  2.57772109e-07 
 5.52269275e-06  2.51188216e-07 
 5.62269275e-06  2.55433855e-07 
 5.72269275e-06  2.49105935e-07 
 5.82269275e-06  2.53354566e-07 
 5.92269275e-06  2.47282510e-07 
 6.02269275e-06  2.51503027e-07 
 6.12269275e-06  2.45680620e-07 
 6.22269275e-06  2.49852450e-07 
 6.32269275e-06  2.44269206e-07 
 6.42269275e-06  2.48379654e-07 
 6.52269275e-06  2.43022284e-07 
 6.62269275e-06  2.47064457e-07 
 6.72269275e-06  2.41918005e-07 
 6.82269275e-06  2.45889210e-07 
 6.92269275e-06  2.40937899e-07 
 7.02269275e-06  2.44838406e-07 
 7.12269275e-06  2.40066280e-07 
 7.22269275e-06  2.43898385e-07 
 7.32269275e-06  2.39289761e-07 
 7.42269275e-06  2.43057079e-07 
 7.52269275e-06  2.38596862e-07 
 7.62269275e-06  2.42303808e-07 
 7.72269275e-06  2.37977701e-07 
 7.82269275e-06  2.41629100e-07 
 7.92269275e-06  2.37423732e-07 
 8.02269275e-06  2.41024547e-07 
 8.12269275e-06  2.36927536e-07 
 8.22269275e-06  2.40482675e-07 
 8.32269275e-06  2.36482647e-07 
 8.42269275e-06  2.39996834e-07 
 8.52269275e-06  2.36083412e-07 
 8.62269275e-06  2.39561102e-07 
 8.72269275e-06  2.35724872e-07 
 8.82269275e-06  2.39170204e-07 
 8.92269275e-06  2.35402660e-07 
 9.02269275e-06  2.38819433e-07 
 9.12269275e-06  2.35112926e-07 
 9.22269275e-06  2.38504593e-07 
 9.32269275e-06  2.34852262e-07 
 9.42269275e-06  2.38221479e-07 
 9.52269275e-06  2.34613757e-07 
 9.62269275e-06  2.37957693e-07 
 9.72269275e-06  2.34390104e-07 
 9.82269275e-06  2.37718554e-07 
 9.92269275e-06  2.34190007e-07 
 1.00226927e-05  2.37505638e-07 
 1.01226927e-05  2.34011369e-07 
 1.02226927e-05  2.37314771e-07 
 1.03226927e-05  2.33850483e-07 
 1.04226927e-05  2.37143390e-07 
 1.05226927e-05  2.33705777e-07 
 1.06226927e-05  2.36989821e-07 
 1.07226927e-05  2.33575796e-07 
 1.08226927e-05  2.36852203e-07 
 1.09226927e-05  2.33458981e-07 
 1.10226927e-05  2.36728821e-07 
 1.11226927e-05  2.33353986e-07 
 1.12226927e-05  2.36618214e-07 
 1.13226927e-05  2.33259633e-07 
 1.14226927e-05  2.36519067e-07 
 1.15226927e-05  2.33174849e-07 
 1.16226927e-05  2.36430195e-07 
 1.17226927e-05  2.33098671e-07 
 1.18226927e-05  2.36350540e-07 
 1.19226927e-05  2.33030235e-07 
 1.20226927e-05  2.36279154e-07 
 1.21226927e-05  2.32968767e-07 
 1.22226927e-05  2.36215188e-07 
 1.23226927e-05  2.32913567e-07 
 1.24226927e-05  2.36157881e-07 
 1.25226927e-05  2.32864010e-07 
 1.26226927e-05  2.36106548e-07 
 1.27226927e-05  2.32819531e-07 
 1.28226927e-05  2.36060579e-07 
 1.29226927e-05  2.32779622e-07 
 1.30226927e-05  2.36019424e-07 
 1.31226927e-05  2.32743825e-07 
 1.32226927e-05  2.35982589e-07 
 1.33226927e-05  2.32711730e-07 
 1.34226927e-05  2.35949632e-07 
 1.35226927e-05  2.32682966e-07 
 1.36226927e-05  2.35920157e-07 
 1.37226927e-05  2.32657198e-07 
 1.38226927e-05  2.35893805e-07 
 1.39226927e-05  2.32634126e-07 
 1.40226927e-05  2.35870258e-07 
 1.41226927e-05  2.32613480e-07 
 1.42226927e-05  2.35849227e-07 
 1.43226927e-05  2.32595014e-07 
 1.44226927e-05  2.35830453e-07 
 1.45226927e-05  2.32578510e-07 
 1.46226927e-05  2.35813706e-07 
 1.47226927e-05  2.32563769e-07 
 1.48226927e-05  2.35798776e-07 
 1.49226927e-05  2.32550613e-07 
 1.50226927e-05  2.35785475e-07 
 1.51226927e-05  2.32538880e-07 
 1.52226927e-05  2.35773637e-07 
 1.53226927e-05  2.32528427e-07 
 1.54226927e-05  2.35763109e-07 
 1.55226927e-05  2.32519123e-07 
 1.56226927e-05  2.35753756e-07 
 1.57226927e-05  2.32510850e-07 
 1.58226927e-05  2.35745455e-07 
 1.59226927e-05  2.32503503e-07 
 1.60226927e-05  2.35738098e-07 
 1.61226927e-05  2.32496986e-07 
 1.62226927e-05  2.35731585e-07 
 1.63226927e-05  2.32491214e-07 
 1.64226927e-05  2.35725829e-07 
 1.65226927e-05  2.32486109e-07 
 1.66226927e-05  2.35720749e-07 
 1.67226927e-05  2.32481603e-07 
 1.68226927e-05  2.35716274e-07 
 1.69226927e-05  2.32477632e-07 
 1.70226927e-05  2.35712341e-07 
 1.71226927e-05  2.32474140e-07 
 1.72226927e-05  2.35708891e-07 
 1.73226927e-05  2.32471077e-07 
 1.74226927e-05  2.35705874e-07 
 1.75226927e-05  2.32468398e-07 
 1.76226927e-05  2.35703242e-07 
 1.77226927e-05  2.32466060e-07 
 1.78226927e-05  2.35700955e-07 
 1.79226927e-05  2.32464029e-07 
 1.80226927e-05  2.35698974e-07 
 1.81226927e-05  2.32462270e-07 
 1.82226927e-05  2.35697266e-07 
 1.83226927e-05  2.32460754e-07 
 1.84226927e-05  2.35695802e-07 
 1.85226927e-05  2.32459455e-07 
 1.86226927e-05  2.35694554e-07 
 1.87226927e-05  2.32458347e-07 
 1.88226927e-05  2.35693498e-07 
 1.89226927e-05  2.32457411e-07 
 1.90226927e-05  2.35692612e-07 
 1.91226927e-05  2.32456626e-07 
 1.92226927e-05  2.35691878e-07 
 1.93226927e-05  2.32455976e-07 
 1.94226927e-05  2.35691277e-07 
 1.95226927e-05  2.32455444e-07 
 1.96226927e-05  2.35690795e-07 
 1.97226927e-05  2.32455018e-07 
 1.98226927e-05  2.35690416e-07 
 1.99226927e-05  2.32454684e-07 
 2.00000000e-05  2.35690146e-07 
