 1.00000000e-02  1.49656862e-12 
 2.00000000e-02  2.64941890e-12 
 3.00000000e-02  3.57360545e-12 
 4.00000000e-02  4.35340818e-12 
 5.00000000e-02  5.05620310e-12 
 6.00000000e-02  5.73217385e-12 
 7.00000000e-02  6.42237314e-12 
 8.00000000e-02  7.15999750e-12 
 9.00000000e-02  7.97232501e-12 
 1.00000000e-01  8.88296178e-12 
 1.10000000e-01  9.91539411e-12 
 1.20000000e-01  1.10980634e-11 
 1.30000000e-01  1.24713025e-11 
 1.40000000e-01  1.40976946e-11 
 1.50000000e-01  1.60804266e-11 
 1.60000000e-01  1.86015415e-11 
 1.70000000e-01  2.20138262e-11 
 1.80000000e-01  2.70974199e-11 
 1.90000000e-01  3.59024122e-11 
 2.00000000e-01  5.46541193e-11 
 2.10000000e-01  9.54270014e-11 
 2.20000000e-01  1.64872632e-10 
 2.30000000e-01  2.60669975e-10 
 2.40000000e-01  3.83093038e-10 
 2.50000000e-01  5.38620472e-10 
 2.60000000e-01  7.35456034e-10 
 2.70000000e-01  9.86761089e-10 
 2.80000000e-01  1.30793970e-09 
 2.90000000e-01  1.71714904e-09 
 3.00000000e-01  2.23612040e-09 
 3.10000000e-01  2.89052361e-09 
 3.20000000e-01  3.71034880e-09 
 3.30000000e-01  4.73029489e-09 
 3.40000000e-01  5.99013421e-09 
 3.50000000e-01  7.53504766e-09 
 3.60000000e-01  9.41591649e-09 
 3.70000000e-01  1.16895409e-08 
 3.80000000e-01  1.44187387e-08 
 3.90000000e-01  1.76722613e-08 
 4.00000000e-01  2.15244612e-08 
 4.10000000e-01  2.60546496e-08 
 4.20000000e-01  3.13461114e-08 
 4.30000000e-01  3.74847778e-08 
 4.40000000e-01  4.45576013e-08 
 4.50000000e-01  5.26507101e-08 
 4.60000000e-01  6.18474401e-08 
 4.70000000e-01  7.22263369e-08 
 4.80000000e-01  8.38591940e-08 
 4.90000000e-01  9.68091514e-08 
 5.00000000e-01  1.11128829e-07 
 5.10000000e-01  1.26858413e-07 
 5.20000000e-01  1.44023556e-07 
 5.30000000e-01  1.62632885e-07 
 5.40000000e-01  1.82674813e-07 
 5.50000000e-01  2.04113212e-07 
 5.60000000e-01  2.26881253e-07 
 5.70000000e-01  2.50872297e-07 
 5.80000000e-01  2.75925945e-07 
 5.90000000e-01  3.01805877e-07 
 6.00000000e-01  3.28163203e-07 
 6.10000000e-01  3.54473010e-07 
 6.20000000e-01  3.79918808e-07 
 6.30000000e-01  4.03171192e-07 
 6.40000000e-01  4.21950614e-07 
 6.50000000e-01  4.32223624e-07 
 6.60000000e-01  4.26861827e-07 
 6.70000000e-01  4.03664161e-07 
 6.80000000e-01  3.72801543e-07 
 6.90000000e-01  3.46776751e-07 
 7.00000000e-01  3.27535425e-07 
 7.10000000e-01  3.13788643e-07 
 7.20000000e-01  3.03848279e-07 
 7.30000000e-01  2.96519740e-07 
 7.40000000e-01  2.91015005e-07 
 7.50000000e-01  2.86815295e-07 
 7.60000000e-01  2.83573932e-07 
 7.70000000e-01  2.81053884e-07 
 7.80000000e-01  2.79087999e-07 
 7.90000000e-01  2.77553932e-07 
 8.00000000e-01  2.76358693e-07 
 8.10000000e-01  2.75429415e-07 
 8.20000000e-01  2.74707989e-07 
 8.30000000e-01  2.74147902e-07 
 8.40000000e-01  2.73712168e-07 
 8.50000000e-01  2.73371745e-07 
 8.60000000e-01  2.73104135e-07 
 8.70000000e-01  2.72892119e-07 
 8.80000000e-01  2.72722630e-07 
 8.90000000e-01  2.72585803e-07 
 9.00000000e-01  2.72474201e-07 
 9.10000000e-01  2.72382210e-07 
 9.20000000e-01  2.72305577e-07 
 9.30000000e-01  2.72241065e-07 
 9.40000000e-01  2.72186191e-07 
 9.50000000e-01  2.72139042e-07 
 9.60000000e-01  2.72098130e-07 
 9.70000000e-01  2.72062288e-07 
 9.80000000e-01  2.72030597e-07 
 9.90000000e-01  2.72002326e-07 
 1.00000000e+00  2.71976889e-07 
 1.01000000e+00  2.71953815e-07 
 1.02000000e+00  2.71932719e-07 
 1.03000000e+00  2.71913288e-07 
 1.04000000e+00  2.71895266e-07 
 1.05000000e+00  2.71878439e-07 
 1.06000000e+00  2.71862630e-07 
 1.07000000e+00  2.71847691e-07 
 1.08000000e+00  2.71833499e-07 
 1.09000000e+00  2.71819947e-07 
 1.10000000e+00  2.71806947e-07 
 1.11000000e+00  2.71794424e-07 
 1.12000000e+00  2.71782313e-07 
 1.13000000e+00  2.71770559e-07 
 1.14000000e+00  2.71759113e-07 
 1.15000000e+00  2.71747935e-07 
 1.16000000e+00  2.71736989e-07 
 1.17000000e+00  2.71726243e-07 
 1.18000000e+00  2.71715671e-07 
 1.19000000e+00  2.71705250e-07 
 1.20000000e+00  2.71694959e-07 
 1.21000000e+00  2.71684779e-07 
 1.22000000e+00  2.71674694e-07 
 1.23000000e+00  2.71664692e-07 
 1.24000000e+00  2.71654758e-07 
 1.25000000e+00  2.71644884e-07 
 1.26000000e+00  2.71635058e-07 
 1.27000000e+00  2.71625272e-07 
 1.28000000e+00  2.71615519e-07 
 1.29000000e+00  2.71605792e-07 
 1.30000000e+00  2.71596086e-07 
 1.31000000e+00  2.71586394e-07 
 1.32000000e+00  2.71576712e-07 
 1.33000000e+00  2.71567036e-07 
 1.34000000e+00  2.71557362e-07 
 1.35000000e+00  2.71547687e-07 
 1.36000000e+00  2.71538009e-07 
 1.37000000e+00  2.71528323e-07 
 1.38000000e+00  2.71518629e-07 
 1.39000000e+00  2.71508924e-07 
 1.40000000e+00  2.71499206e-07 
 1.41000000e+00  2.71489474e-07 
 1.42000000e+00  2.71479726e-07 
 1.43000000e+00  2.71469962e-07 
 1.44000000e+00  2.71460179e-07 
 1.45000000e+00  2.71450378e-07 
 1.46000000e+00  2.71440557e-07 
 1.47000000e+00  2.71430716e-07 
 1.48000000e+00  2.71420854e-07 
 1.49000000e+00  2.71410971e-07 
 1.50000000e+00  2.71401066e-07 
 1.51000000e+00  2.71391139e-07 
 1.52000000e+00  2.71381191e-07 
 1.53000000e+00  2.71371219e-07 
 1.54000000e+00  2.71361226e-07 
 1.55000000e+00  2.71351210e-07 
 1.56000000e+00  2.71341171e-07 
 1.57000000e+00  2.71331111e-07 
 1.58000000e+00  2.71321028e-07 
 1.59000000e+00  2.71310923e-07 
 1.60000000e+00  2.71300796e-07 
 1.61000000e+00  2.71290647e-07 
 1.62000000e+00  2.71280478e-07 
 1.63000000e+00  2.71270287e-07 
 1.64000000e+00  2.71260076e-07 
 1.65000000e+00  2.71249845e-07 
 1.66000000e+00  2.71239594e-07 
 1.67000000e+00  2.71229323e-07 
 1.68000000e+00  2.71219034e-07 
 1.69000000e+00  2.71208727e-07 
 1.70000000e+00  2.71198403e-07 
 1.71000000e+00  2.71188061e-07 
 1.72000000e+00  2.71177704e-07 
 1.73000000e+00  2.71167331e-07 
 1.74000000e+00  2.71156944e-07 
 1.75000000e+00  2.71146543e-07 
 1.76000000e+00  2.71136130e-07 
 1.77000000e+00  2.71125705e-07 
 1.78000000e+00  2.71115270e-07 
 1.79000000e+00  2.71104825e-07 
 1.80000000e+00  2.71094372e-07 
