 1.00000000e-02  8.46725054e+01 
 2.00000000e-02  3.91979696e+01 
 3.00000000e-02  2.38413181e+01 
 4.00000000e-02  1.70280111e+01 
 5.00000000e-02  1.36343976e+01 
 6.00000000e-02  1.19166835e+01 
 7.00000000e-02  1.11160129e+01 
 8.00000000e-02  1.08236900e+01 
 9.00000000e-02  1.08059084e+01 
 1.00000000e-01  1.09370565e+01 
 1.10000000e-01  1.11700129e+01 
 1.20000000e-01  1.15151097e+01 
 1.30000000e-01  1.20261346e+01 
 1.40000000e-01  1.28004055e+01 
 1.50000000e-01  1.40041275e+01 
 1.60000000e-01  1.59486771e+01 
 1.70000000e-01  1.92966872e+01 
 1.80000000e-01  2.56271373e+01 
 1.90000000e-01  3.83772255e+01 
 2.00000000e-01  5.44557208e+01 
 2.10000000e-01  5.77501711e+01 
 2.20000000e-01  5.01123113e+01 
 2.30000000e-01  4.18576029e+01 
 2.40000000e-01  3.62771533e+01 
 2.50000000e-01  3.27097663e+01 
 2.60000000e-01  3.04668530e+01 
 2.70000000e-01  2.90082204e+01 
 2.80000000e-01  2.79213160e+01 
 2.90000000e-01  2.70267949e+01 
 3.00000000e-01  2.62368379e+01 
 3.10000000e-01  2.55010614e+01 
 3.20000000e-01  2.47924304e+01 
 3.30000000e-01  2.40977092e+01 
 3.40000000e-01  2.34114351e+01 
 3.50000000e-01  2.27323199e+01 
 3.60000000e-01  2.20610138e+01 
 3.70000000e-01  2.13987111e+01 
 3.80000000e-01  2.07463375e+01 
 3.90000000e-01  2.01041688e+01 
 4.00000000e-01  1.94717726e+01 
 4.10000000e-01  1.88481717e+01 
 4.20000000e-01  1.82321311e+01 
 4.30000000e-01  1.76224734e+01 
 4.40000000e-01  1.70183446e+01 
 4.50000000e-01  1.64193785e+01 
 4.60000000e-01  1.58257373e+01 
 4.70000000e-01  1.52380384e+01 
 4.80000000e-01  1.46571970e+01 
 4.90000000e-01  1.40842238e+01 
 5.00000000e-01  1.35200119e+01 
 5.10000000e-01  1.29651342e+01 
 5.20000000e-01  1.24196600e+01 
 5.30000000e-01  1.18829771e+01 
 5.40000000e-01  1.13535979e+01 
 5.50000000e-01  1.08289022e+01 
 5.60000000e-01  1.03047484e+01 
 5.70000000e-01  9.77483204e+00 
 5.80000000e-01  9.22957423e+00 
 5.90000000e-01  8.65411549e+00 
 6.00000000e-01  8.02453355e+00 
 6.10000000e-01  7.30035914e+00 
 6.20000000e-01  6.40902497e+00 
 6.30000000e-01  5.21264990e+00 
 6.40000000e-01  3.44263418e+00 
 6.50000000e-01  5.68133387e-01 
 6.60000000e-01  3.34528193e+00 
 6.70000000e-01  6.69619568e+00 
 6.80000000e-01  7.62971769e+00 
 6.90000000e-01  6.52669444e+00 
 7.00000000e-01  5.03580760e+00 
 7.10000000e-01  3.77437918e+00 
 7.20000000e-01  2.84169832e+00 
 7.30000000e-01  2.16398314e+00 
 7.40000000e-01  1.66734448e+00 
 7.50000000e-01  1.29718899e+00 
 7.60000000e-01  1.01585693e+00 
 7.70000000e-01  7.98055658e-01 
 7.80000000e-01  6.27033698e-01 
 7.90000000e-01  4.91671212e-01 
 8.00000000e-01  3.84376775e-01 
 8.10000000e-01  2.99660046e-01 
 8.20000000e-01  2.33250071e-01 
 8.30000000e-01  1.81621192e-01 
 8.40000000e-01  1.41783437e-01 
 8.50000000e-01  1.11209961e-01 
 8.60000000e-01  8.78101442e-02 
 8.70000000e-01  6.99003752e-02 
 8.80000000e-01  5.61588643e-02 
 8.90000000e-01  4.55689499e-02 
 9.00000000e-01  3.73600593e-02 
 9.10000000e-01  3.09534981e-02 
 9.20000000e-01  2.59166681e-02 
 9.30000000e-01  2.19264978e-02 
 9.40000000e-01  1.87412840e-02 
 9.50000000e-01  1.61795177e-02 
 9.60000000e-01  1.41041898e-02 
 9.70000000e-01  1.24112512e-02 
 9.80000000e-01  1.10211557e-02 
 9.90000000e-01  9.87266409e-03 
 1.00000000e+00  8.91829397e-03 
 1.01000000e+00  8.12096613e-03 
 1.02000000e+00  7.45152087e-03 
 1.03000000e+00  6.88686804e-03 
 1.04000000e+00  6.40860093e-03 
 1.05000000e+00  6.00195114e-03 
 1.06000000e+00  5.65499524e-03 
 1.07000000e+00  5.35804896e-03 
 1.08000000e+00  5.10320162e-03 
 1.09000000e+00  4.88395538e-03 
 1.10000000e+00  4.69494495e-03 
 1.11000000e+00  4.53171787e-03 
 1.12000000e+00  4.39056147e-03 
 1.13000000e+00  4.26836561e-03 
 1.14000000e+00  4.16251358e-03 
 1.15000000e+00  4.07079465e-03 
 1.16000000e+00  3.99133332e-03 
 1.17000000e+00  3.92253275e-03 
 1.18000000e+00  3.86302825e-03 
 1.19000000e+00  3.81164940e-03 
 1.20000000e+00  3.76738918e-03 
 1.21000000e+00  3.72937832e-03 
 1.22000000e+00  3.69686423e-03 
 1.23000000e+00  3.66919332e-03 
 1.24000000e+00  3.64579659e-03 
 1.25000000e+00  3.62617722e-03 
 1.26000000e+00  3.60990040e-03 
 1.27000000e+00  3.59658451e-03 
 1.28000000e+00  3.58589403e-03 
 1.29000000e+00  3.57753329e-03 
 1.30000000e+00  3.57124100e-03 
 1.31000000e+00  3.56678603e-03 
 1.32000000e+00  3.56396333e-03 
 1.33000000e+00  3.56259075e-03 
 1.34000000e+00  3.56250625e-03 
 1.35000000e+00  3.56356525e-03 
 1.36000000e+00  3.56563875e-03 
 1.37000000e+00  3.56861130e-03 
 1.38000000e+00  3.57237954e-03 
 1.39000000e+00  3.57685075e-03 
 1.40000000e+00  3.58194161e-03 
 1.41000000e+00  3.58757721e-03 
 1.42000000e+00  3.59368999e-03 
 1.43000000e+00  3.60021913e-03 
 1.44000000e+00  3.60710956e-03 
 1.45000000e+00  3.61431158e-03 
 1.46000000e+00  3.62178010e-03 
 1.47000000e+00  3.62947413e-03 
 1.48000000e+00  3.63735655e-03 
 1.49000000e+00  3.64539337e-03 
 1.50000000e+00  3.65355375e-03 
 1.51000000e+00  3.66180930e-03 
 1.52000000e+00  3.67013391e-03 
 1.53000000e+00  3.67850373e-03 
 1.54000000e+00  3.68689647e-03 
 1.55000000e+00  3.69529155e-03 
 1.56000000e+00  3.70366964e-03 
 1.57000000e+00  3.71201262e-03 
 1.58000000e+00  3.72030340e-03 
 1.59000000e+00  3.72852556e-03 
 1.60000000e+00  3.73666332e-03 
 1.61000000e+00  3.74470151e-03 
 1.62000000e+00  3.75262517e-03 
 1.63000000e+00  3.76041949e-03 
 1.64000000e+00  3.76806987e-03 
 1.65000000e+00  3.77556144e-03 
 1.66000000e+00  3.78287917e-03 
 1.67000000e+00  3.79000776e-03 
 1.68000000e+00  3.79693142e-03 
 1.69000000e+00  3.80363366e-03 
 1.70000000e+00  3.81009729e-03 
 1.71000000e+00  3.81630437e-03 
 1.72000000e+00  3.82223600e-03 
 1.73000000e+00  3.82787215e-03 
 1.74000000e+00  3.83319164e-03 
 1.75000000e+00  3.83817201e-03 
 1.76000000e+00  3.84278928e-03 
 1.77000000e+00  3.84701808e-03 
 1.78000000e+00  3.85083133e-03 
 1.79000000e+00  3.85420026e-03 
 1.80000000e+00  3.85733984e-03 
