-4.00000000e+01  3.15891382e-07 
-3.90000000e+01  3.14876675e-07 
-3.80000000e+01  3.14046397e-07 
-3.70000000e+01  3.13128433e-07 
-3.60000000e+01  3.12214064e-07 
-3.50000000e+01  3.11303661e-07 
-3.40000000e+01  3.10397624e-07 
-3.30000000e+01  3.09496329e-07 
-3.20000000e+01  3.08600138e-07 
-3.10000000e+01  3.07709401e-07 
-3.00000000e+01  3.06824453e-07 
-2.90000000e+01  3.05945618e-07 
-2.80000000e+01  3.05073204e-07 
-2.70000000e+01  3.04207507e-07 
-2.60000000e+01  3.03348810e-07 
-2.50000000e+01  3.02497382e-07 
-2.40000000e+01  3.01653478e-07 
-2.30000000e+01  3.00817340e-07 
-2.20000000e+01  2.99989199e-07 
-2.10000000e+01  2.99169268e-07 
-2.00000000e+01  2.98357753e-07 
-1.90000000e+01  2.97554843e-07 
-1.80000000e+01  2.96760717e-07 
-1.70000000e+01  2.95975539e-07 
-1.60000000e+01  2.95199464e-07 
-1.50000000e+01  2.94432633e-07 
-1.40000000e+01  2.93675177e-07 
-1.30000000e+01  2.92927214e-07 
-1.20000000e+01  2.92188851e-07 
-1.10000000e+01  2.91460187e-07 
-1.00000000e+01  2.90741308e-07 
-9.00000000e+00  2.90032290e-07 
-8.00000000e+00  2.89333200e-07 
-7.00000000e+00  2.88644094e-07 
-6.00000000e+00  2.87965022e-07 
-5.00000000e+00  2.87296022e-07 
-4.00000000e+00  2.86637125e-07 
-3.00000000e+00  2.85988353e-07 
-2.00000000e+00  2.85349720e-07 
-1.00000000e+00  2.84721234e-07 
 0.00000000e+00  2.84102894e-07 
 1.00000000e+00  2.83494693e-07 
 2.00000000e+00  2.82896617e-07 
 3.00000000e+00  2.82308647e-07 
 4.00000000e+00  2.81730756e-07 
 5.00000000e+00  2.81162912e-07 
 6.00000000e+00  2.80605078e-07 
 7.00000000e+00  2.80057212e-07 
 8.00000000e+00  2.79519268e-07 
 9.00000000e+00  2.78991193e-07 
 1.00000000e+01  2.78472932e-07 
 1.10000000e+01  2.77964425e-07 
 1.20000000e+01  2.77465609e-07 
 1.30000000e+01  2.76976416e-07 
 1.40000000e+01  2.76496777e-07 
 1.50000000e+01  2.76026618e-07 
 1.60000000e+01  2.75565864e-07 
 1.70000000e+01  2.75114436e-07 
 1.80000000e+01  2.74672252e-07 
 1.90000000e+01  2.74239231e-07 
 2.00000000e+01  2.73815286e-07 
 2.10000000e+01  2.73400333e-07 
 2.20000000e+01  2.72994281e-07 
 2.30000000e+01  2.72597041e-07 
 2.40000000e+01  2.72208523e-07 
 2.50000000e+01  2.71828634e-07 
 2.60000000e+01  2.71457282e-07 
 2.70000000e+01  2.71094372e-07 
 2.80000000e+01  2.70739810e-07 
 2.90000000e+01  2.70393502e-07 
 3.00000000e+01  2.70055351e-07 
 3.10000000e+01  2.69725263e-07 
 3.20000000e+01  2.69403141e-07 
 3.30000000e+01  2.69088889e-07 
 3.40000000e+01  2.68782413e-07 
 3.50000000e+01  2.68483615e-07 
 3.60000000e+01  2.68192401e-07 
 3.70000000e+01  2.67908676e-07 
 3.80000000e+01  2.67632344e-07 
 3.90000000e+01  2.67363312e-07 
 4.00000000e+01  2.67101485e-07 
 4.10000000e+01  2.66846772e-07 
 4.20000000e+01  2.66599079e-07 
 4.30000000e+01  2.66358315e-07 
 4.40000000e+01  2.66124389e-07 
 4.50000000e+01  2.65897211e-07 
 4.60000000e+01  2.65676692e-07 
 4.70000000e+01  2.65462745e-07 
 4.80000000e+01  2.65255282e-07 
 4.90000000e+01  2.65054217e-07 
 5.00000000e+01  2.64859467e-07 
 5.10000000e+01  2.64670946e-07 
 5.20000000e+01  2.64488574e-07 
 5.30000000e+01  2.64312268e-07 
 5.40000000e+01  2.64141949e-07 
 5.50000000e+01  2.63977539e-07 
 5.60000000e+01  2.63818960e-07 
 5.70000000e+01  2.63666138e-07 
 5.80000000e+01  2.63518997e-07 
 5.90000000e+01  2.63377466e-07 
 6.00000000e+01  2.63241472e-07 
 6.10000000e+01  2.63110947e-07 
 6.20000000e+01  2.62985822e-07 
 6.30000000e+01  2.62866031e-07 
 6.40000000e+01  2.62751510e-07 
 6.50000000e+01  2.62642196e-07 
 6.60000000e+01  2.62538027e-07 
 6.70000000e+01  2.62438945e-07 
 6.80000000e+01  2.62344892e-07 
 6.90000000e+01  2.62255812e-07 
 7.00000000e+01  2.62171652e-07 
 7.10000000e+01  2.62092360e-07 
 7.20000000e+01  2.62017888e-07 
 7.30000000e+01  2.61948187e-07 
 7.40000000e+01  2.61883213e-07 
 7.50000000e+01  2.61822922e-07 
 7.60000000e+01  2.61767275e-07 
 7.70000000e+01  2.61716232e-07 
 7.80000000e+01  2.61669758e-07 
 7.90000000e+01  2.61627819e-07 
 8.00000000e+01  2.61590385e-07 
 8.10000000e+01  2.61557427e-07 
 8.20000000e+01  2.61528920e-07 
 8.30000000e+01  2.61504840e-07 
 8.40000000e+01  2.61485168e-07 
 8.50000000e+01  2.61469885e-07 
 8.60000000e+01  2.61458978e-07 
 8.70000000e+01  2.61452434e-07 
 8.80000000e+01  2.61450245e-07 
 8.90000000e+01  2.61452405e-07 
 9.00000000e+01  2.61458911e-07 
 9.10000000e+01  2.61469763e-07 
 9.20000000e+01  2.61484965e-07 
 9.30000000e+01  2.61504523e-07 
 9.40000000e+01  2.61528445e-07 
 9.50000000e+01  2.61556743e-07 
 9.60000000e+01  2.61589433e-07 
 9.70000000e+01  2.61626531e-07 
 9.80000000e+01  2.61668057e-07 
 9.90000000e+01  2.61714034e-07 
 1.00000000e+02  2.61764486e-07 
 1.01000000e+02  2.61819440e-07 
 1.02000000e+02  2.61878925e-07 
 1.03000000e+02  2.61942970e-07 
 1.04000000e+02  2.62011607e-07 
 1.05000000e+02  2.62084869e-07 
 1.06000000e+02  2.62162788e-07 
 1.07000000e+02  2.62245398e-07 
 1.08000000e+02  2.62332733e-07 
 1.09000000e+02  2.62424826e-07 
 1.10000000e+02  2.62521709e-07 
 1.11000000e+02  2.62623415e-07 
 1.12000000e+02  2.62729972e-07 
 1.13000000e+02  2.62841411e-07 
 1.14000000e+02  2.62957758e-07 
 1.15000000e+02  2.63079036e-07 
 1.16000000e+02  2.63205268e-07 
 1.17000000e+02  2.63336472e-07 
 1.18000000e+02  2.63472666e-07 
 1.19000000e+02  2.63613861e-07 
 1.20000000e+02  2.63760069e-07 
 1.21000000e+02  2.63911296e-07 
 1.22000000e+02  2.64067547e-07 
 1.23000000e+02  2.64228822e-07 
 1.24000000e+02  2.64395118e-07 
 1.25000000e+02  2.64566432e-07 
