 0.00000000e+00  1.49656862e-12 
 1.00000000e-09  1.25831619e-08 
 2.00000000e-09  1.24458049e-08 
 4.00000000e-09  1.21300383e-08 
 8.00000000e-09  1.20211694e-08 
 1.60000000e-08  1.16589760e-08 
 3.20000000e-08  1.15494442e-08 
 6.40000000e-08  1.10990781e-08 
 1.28000000e-07  1.06885026e-08 
 2.28000000e-07  9.88215260e-09 
 3.28000000e-07  9.46984006e-09 
 4.28000000e-07  8.87979489e-09 
 5.28000000e-07  8.62545793e-09 
 6.28000000e-07  8.15916689e-09 
 7.28000000e-07  7.92836083e-09 
 8.28000000e-07  8.82661739e-09 
 9.28000000e-07  1.50167038e-06 
 9.37000000e-07  2.01415284e-06 
 9.55000000e-07  3.40576169e-06 
 9.91000000e-07  9.09270362e-06 
 1.00000000e-06  1.14046616e-05 
 1.00365151e-06  1.23504921e-05 
 1.01095453e-06  1.36472972e-05 
 1.02556058e-06  1.14036150e-05 
 1.04574027e-06  6.76894047e-06 
 1.07170873e-06  4.96352681e-06 
 1.09742239e-06  4.06371149e-06 
 1.14098077e-06  3.16133499e-06 
 1.19310824e-06  2.15041736e-06 
 1.28734523e-06  1.36162051e-06 
 1.38734523e-06  1.14596708e-06 
 1.48734523e-06  9.22264790e-07 
 1.58734523e-06  7.65472986e-07 
 1.68734523e-06  7.10486904e-07 
 1.78734523e-06  6.22246966e-07 
 1.88734523e-06  5.90158559e-07 
 1.98734523e-06  5.24930033e-07 
 2.08734523e-06  5.17002360e-07 
 2.18734523e-06  4.69873880e-07 
 2.28734523e-06  4.63920393e-07 
 2.38734523e-06  4.30561854e-07 
 2.48734523e-06  4.26086154e-07 
 2.58734523e-06  4.02274106e-07 
 2.68734523e-06  3.98189169e-07 
 2.78734523e-06  3.80244008e-07 
 2.88734523e-06  3.76855217e-07 
 2.98734523e-06  3.62989191e-07 
 3.08734523e-06  3.60063572e-07 
 3.18734523e-06  3.49247007e-07 
 3.28734523e-06  3.46489438e-07 
 3.38734523e-06  3.38122453e-07 
 3.48734523e-06  3.35384168e-07 
 3.58734523e-06  3.28960895e-07 
 3.68734523e-06  3.26220101e-07 
 3.78734523e-06  3.21293878e-07 
 3.88734523e-06  3.18603735e-07 
 3.98734523e-06  3.14799808e-07 
 4.08734523e-06  3.12231903e-07 
 4.18734523e-06  3.09247528e-07 
 4.28734523e-06  3.06868506e-07 
 4.38734523e-06  3.04464677e-07 
 4.48734523e-06  3.02329759e-07 
 4.58734523e-06  3.00319227e-07 
 4.68734523e-06  2.98470802e-07 
 4.78734523e-06  2.96707813e-07 
 4.88734523e-06  2.95176065e-07 
 4.98734523e-06  2.93548494e-07 
 5.08734523e-06  2.92352537e-07 
 5.18734523e-06  2.90775253e-07 
 5.28734523e-06  2.89924611e-07 
 5.38734523e-06  2.88334094e-07 
 5.48734523e-06  2.87830422e-07 
 5.58734523e-06  2.86180313e-07 
 5.68734523e-06  2.86019028e-07 
 5.78734523e-06  2.84276490e-07 
 5.88734523e-06  2.84448229e-07 
 5.98734523e-06  2.82590996e-07 
 6.08734523e-06  2.83082883e-07 
 6.18734523e-06  2.81096881e-07 
 6.28734523e-06  2.81893574e-07 
 6.38734523e-06  2.79771016e-07 
 6.48734523e-06  2.80855571e-07 
 6.58734523e-06  2.78593434e-07 
 6.68734523e-06  2.79947994e-07 
 6.78734523e-06  2.77546804e-07 
 6.88734523e-06  2.79153145e-07 
 6.98734523e-06  2.76616016e-07 
 7.08734523e-06  2.78455966e-07 
 7.18734523e-06  2.75787850e-07 
 7.28734523e-06  2.77843607e-07 
 7.38734523e-06  2.75050702e-07 
 7.48734523e-06  2.77305064e-07 
 7.58734523e-06  2.74394357e-07 
 7.68734523e-06  2.76830886e-07 
 7.78734523e-06  2.73809806e-07 
 7.88734523e-06  2.76412933e-07 
 7.98734523e-06  2.73289084e-07 
 8.08734523e-06  2.76044179e-07 
 8.18734523e-06  2.72825144e-07 
 8.28734523e-06  2.75718542e-07 
 8.38734523e-06  2.72411736e-07 
 8.48734523e-06  2.75430744e-07 
 8.58734523e-06  2.72043318e-07 
 8.68734523e-06  2.75176199e-07 
 8.78734523e-06  2.71714966e-07 
 8.88734523e-06  2.74950912e-07 
 8.98734523e-06  2.71422304e-07 
 9.08734523e-06  2.74751394e-07 
 9.18734523e-06  2.71161439e-07 
 9.28734523e-06  2.74574599e-07 
 9.38734523e-06  2.70928910e-07 
 9.48734523e-06  2.74417858e-07 
 9.58734523e-06  2.70721631e-07 
 9.68734523e-06  2.74278836e-07 
 9.78734523e-06  2.70536881e-07 
 9.88734523e-06  2.74154747e-07 
 9.98734523e-06  2.70369071e-07 
 1.00873452e-05  2.74038020e-07 
 1.01873452e-05  2.70211933e-07 
 1.02873452e-05  2.73930095e-07 
 1.03873452e-05  2.70071612e-07 
 1.04873452e-05  2.73835770e-07 
 1.05873452e-05  2.69947837e-07 
 1.06873452e-05  2.73752389e-07 
 1.07873452e-05  2.69837583e-07 
 1.08873452e-05  2.73678372e-07 
 1.09873452e-05  2.69739613e-07 
 1.10873452e-05  2.73612976e-07 
 1.11873452e-05  2.69652710e-07 
 1.12873452e-05  2.73555195e-07 
 1.13873452e-05  2.69575593e-07 
 1.14873452e-05  2.73504130e-07 
 1.15873452e-05  2.69507188e-07 
 1.16873452e-05  2.73459030e-07 
 1.17873452e-05  2.69446541e-07 
 1.18873452e-05  2.73419218e-07 
 1.19873452e-05  2.69392795e-07 
 1.20873452e-05  2.73384089e-07 
 1.21873452e-05  2.69345184e-07 
 1.22873452e-05  2.73353111e-07 
 1.23873452e-05  2.69303030e-07 
 1.24873452e-05  2.73325813e-07 
 1.25873452e-05  2.69265728e-07 
 1.26873452e-05  2.73301776e-07 
 1.27873452e-05  2.69232739e-07 
 1.28873452e-05  2.73280628e-07 
 1.29873452e-05  2.69203584e-07 
 1.30873452e-05  2.73262041e-07 
 1.31873452e-05  2.69177836e-07 
 1.32873452e-05  2.73245722e-07 
 1.33873452e-05  2.69155114e-07 
 1.34873452e-05  2.73231412e-07 
 1.35873452e-05  2.69135081e-07 
 1.36873452e-05  2.73218882e-07 
 1.37873452e-05  2.69117435e-07 
 1.38873452e-05  2.73207926e-07 
 1.39873452e-05  2.69101908e-07 
 1.40873452e-05  2.73198365e-07 
 1.41873452e-05  2.69088262e-07 
 1.42873452e-05  2.73190037e-07 
 1.43873452e-05  2.69076284e-07 
 1.44873452e-05  2.73182799e-07 
 1.45873452e-05  2.69065785e-07 
 1.46873452e-05  2.73176526e-07 
 1.47873452e-05  2.69056599e-07 
 1.48873452e-05  2.73171104e-07 
 1.49873452e-05  2.69048574e-07 
 1.50873452e-05  2.73166434e-07 
 1.51873452e-05  2.69041579e-07 
 1.52873452e-05  2.73162427e-07 
 1.53873452e-05  2.69035495e-07 
 1.54873452e-05  2.73159006e-07 
 1.55873452e-05  2.69030216e-07 
 1.56873452e-05  2.73156099e-07 
 1.57873452e-05  2.69025651e-07 
 1.58873452e-05  2.73153646e-07 
 1.59873452e-05  2.69021715e-07 
 1.60873452e-05  2.73151591e-07 
 1.61873452e-05  2.69018336e-07 
 1.62873452e-05  2.73149886e-07 
 1.63873452e-05  2.69015446e-07 
 1.64873452e-05  2.73148488e-07 
 1.65873452e-05  2.69012989e-07 
 1.66873452e-05  2.73147360e-07 
 1.67873452e-05  2.69010913e-07 
 1.68873452e-05  2.73146466e-07 
 1.69873452e-05  2.69009172e-07 
 1.70873452e-05  2.73145777e-07 
 1.71873452e-05  2.69007725e-07 
 1.72873452e-05  2.73145266e-07 
 1.73873452e-05  2.69006535e-07 
 1.74873452e-05  2.73144911e-07 
 1.75873452e-05  2.69005573e-07 
 1.76873452e-05  2.73144691e-07 
 1.77873452e-05  2.69004807e-07 
 1.78873452e-05  2.73144586e-07 
 1.79873452e-05  2.69004215e-07 
 1.80873452e-05  2.73144582e-07 
 1.81873452e-05  2.69003773e-07 
 1.82873452e-05  2.73144663e-07 
 1.83873452e-05  2.69003462e-07 
 1.84873452e-05  2.73144818e-07 
 1.85873452e-05  2.69003264e-07 
 1.86873452e-05  2.73145035e-07 
 1.87873452e-05  2.69003164e-07 
 1.88873452e-05  2.73145304e-07 
 1.89873452e-05  2.69003149e-07 
 1.90873452e-05  2.73145617e-07 
 1.91873452e-05  2.69003206e-07 
 1.92873452e-05  2.73145966e-07 
 1.93873452e-05  2.69003324e-07 
 1.94873452e-05  2.73146345e-07 
 1.95873452e-05  2.69003496e-07 
 1.96873452e-05  2.73146748e-07 
 1.97873452e-05  2.69003711e-07 
 1.98873452e-05  2.73147170e-07 
 1.99873452e-05  2.69003964e-07 
 2.00000000e-05  2.73147682e-07 
