 0.00000000e+00  1.00000000e-02 
 1.00000000e-09  1.17900000e-02 
 2.00000000e-09  1.35800000e-02 
 4.00000000e-09  1.71600000e-02 
 8.00000000e-09  2.43200000e-02 
 1.60000000e-08  3.86400000e-02 
 3.20000000e-08  6.72800000e-02 
 6.40000000e-08  1.24560000e-01 
 1.28000000e-07  2.39120000e-01 
 2.28000000e-07  4.18120000e-01 
 3.28000000e-07  5.97120000e-01 
 4.28000000e-07  7.76120000e-01 
 5.28000000e-07  9.55120000e-01 
 6.28000000e-07  1.13412000e+00 
 7.28000000e-07  1.31312000e+00 
 8.28000000e-07  1.49212000e+00 
 9.28000000e-07  1.67112000e+00 
 9.37000000e-07  1.68723000e+00 
 9.55000000e-07  1.71945000e+00 
 9.91000000e-07  1.78389000e+00 
 1.00000000e-06  1.80000000e+00 
 1.00365151e-06  1.80000000e+00 
 1.01095453e-06  1.80000000e+00 
 1.02556058e-06  1.80000000e+00 
 1.04574027e-06  1.80000000e+00 
 1.07170873e-06  1.80000000e+00 
 1.09742239e-06  1.80000000e+00 
 1.14098077e-06  1.80000000e+00 
 1.19310824e-06  1.80000000e+00 
 1.28734523e-06  1.80000000e+00 
 1.38734523e-06  1.80000000e+00 
 1.48734523e-06  1.80000000e+00 
 1.58734523e-06  1.80000000e+00 
 1.68734523e-06  1.80000000e+00 
 1.78734523e-06  1.80000000e+00 
 1.88734523e-06  1.80000000e+00 
 1.98734523e-06  1.80000000e+00 
 2.08734523e-06  1.80000000e+00 
 2.18734523e-06  1.80000000e+00 
 2.28734523e-06  1.80000000e+00 
 2.38734523e-06  1.80000000e+00 
 2.48734523e-06  1.80000000e+00 
 2.58734523e-06  1.80000000e+00 
 2.68734523e-06  1.80000000e+00 
 2.78734523e-06  1.80000000e+00 
 2.88734523e-06  1.80000000e+00 
 2.98734523e-06  1.80000000e+00 
 3.08734523e-06  1.80000000e+00 
 3.18734523e-06  1.80000000e+00 
 3.28734523e-06  1.80000000e+00 
 3.38734523e-06  1.80000000e+00 
 3.48734523e-06  1.80000000e+00 
 3.58734523e-06  1.80000000e+00 
 3.68734523e-06  1.80000000e+00 
 3.78734523e-06  1.80000000e+00 
 3.88734523e-06  1.80000000e+00 
 3.98734523e-06  1.80000000e+00 
 4.08734523e-06  1.80000000e+00 
 4.18734523e-06  1.80000000e+00 
 4.28734523e-06  1.80000000e+00 
 4.38734523e-06  1.80000000e+00 
 4.48734523e-06  1.80000000e+00 
 4.58734523e-06  1.80000000e+00 
 4.68734523e-06  1.80000000e+00 
 4.78734523e-06  1.80000000e+00 
 4.88734523e-06  1.80000000e+00 
 4.98734523e-06  1.80000000e+00 
 5.08734523e-06  1.80000000e+00 
 5.18734523e-06  1.80000000e+00 
 5.28734523e-06  1.80000000e+00 
 5.38734523e-06  1.80000000e+00 
 5.48734523e-06  1.80000000e+00 
 5.58734523e-06  1.80000000e+00 
 5.68734523e-06  1.80000000e+00 
 5.78734523e-06  1.80000000e+00 
 5.88734523e-06  1.80000000e+00 
 5.98734523e-06  1.80000000e+00 
 6.08734523e-06  1.80000000e+00 
 6.18734523e-06  1.80000000e+00 
 6.28734523e-06  1.80000000e+00 
 6.38734523e-06  1.80000000e+00 
 6.48734523e-06  1.80000000e+00 
 6.58734523e-06  1.80000000e+00 
 6.68734523e-06  1.80000000e+00 
 6.78734523e-06  1.80000000e+00 
 6.88734523e-06  1.80000000e+00 
 6.98734523e-06  1.80000000e+00 
 7.08734523e-06  1.80000000e+00 
 7.18734523e-06  1.80000000e+00 
 7.28734523e-06  1.80000000e+00 
 7.38734523e-06  1.80000000e+00 
 7.48734523e-06  1.80000000e+00 
 7.58734523e-06  1.80000000e+00 
 7.68734523e-06  1.80000000e+00 
 7.78734523e-06  1.80000000e+00 
 7.88734523e-06  1.80000000e+00 
 7.98734523e-06  1.80000000e+00 
 8.08734523e-06  1.80000000e+00 
 8.18734523e-06  1.80000000e+00 
 8.28734523e-06  1.80000000e+00 
 8.38734523e-06  1.80000000e+00 
 8.48734523e-06  1.80000000e+00 
 8.58734523e-06  1.80000000e+00 
 8.68734523e-06  1.80000000e+00 
 8.78734523e-06  1.80000000e+00 
 8.88734523e-06  1.80000000e+00 
 8.98734523e-06  1.80000000e+00 
 9.08734523e-06  1.80000000e+00 
 9.18734523e-06  1.80000000e+00 
 9.28734523e-06  1.80000000e+00 
 9.38734523e-06  1.80000000e+00 
 9.48734523e-06  1.80000000e+00 
 9.58734523e-06  1.80000000e+00 
 9.68734523e-06  1.80000000e+00 
 9.78734523e-06  1.80000000e+00 
 9.88734523e-06  1.80000000e+00 
 9.98734523e-06  1.80000000e+00 
 1.00873452e-05  1.80000000e+00 
 1.01873452e-05  1.80000000e+00 
 1.02873452e-05  1.80000000e+00 
 1.03873452e-05  1.80000000e+00 
 1.04873452e-05  1.80000000e+00 
 1.05873452e-05  1.80000000e+00 
 1.06873452e-05  1.80000000e+00 
 1.07873452e-05  1.80000000e+00 
 1.08873452e-05  1.80000000e+00 
 1.09873452e-05  1.80000000e+00 
 1.10873452e-05  1.80000000e+00 
 1.11873452e-05  1.80000000e+00 
 1.12873452e-05  1.80000000e+00 
 1.13873452e-05  1.80000000e+00 
 1.14873452e-05  1.80000000e+00 
 1.15873452e-05  1.80000000e+00 
 1.16873452e-05  1.80000000e+00 
 1.17873452e-05  1.80000000e+00 
 1.18873452e-05  1.80000000e+00 
 1.19873452e-05  1.80000000e+00 
 1.20873452e-05  1.80000000e+00 
 1.21873452e-05  1.80000000e+00 
 1.22873452e-05  1.80000000e+00 
 1.23873452e-05  1.80000000e+00 
 1.24873452e-05  1.80000000e+00 
 1.25873452e-05  1.80000000e+00 
 1.26873452e-05  1.80000000e+00 
 1.27873452e-05  1.80000000e+00 
 1.28873452e-05  1.80000000e+00 
 1.29873452e-05  1.80000000e+00 
 1.30873452e-05  1.80000000e+00 
 1.31873452e-05  1.80000000e+00 
 1.32873452e-05  1.80000000e+00 
 1.33873452e-05  1.80000000e+00 
 1.34873452e-05  1.80000000e+00 
 1.35873452e-05  1.80000000e+00 
 1.36873452e-05  1.80000000e+00 
 1.37873452e-05  1.80000000e+00 
 1.38873452e-05  1.80000000e+00 
 1.39873452e-05  1.80000000e+00 
 1.40873452e-05  1.80000000e+00 
 1.41873452e-05  1.80000000e+00 
 1.42873452e-05  1.80000000e+00 
 1.43873452e-05  1.80000000e+00 
 1.44873452e-05  1.80000000e+00 
 1.45873452e-05  1.80000000e+00 
 1.46873452e-05  1.80000000e+00 
 1.47873452e-05  1.80000000e+00 
 1.48873452e-05  1.80000000e+00 
 1.49873452e-05  1.80000000e+00 
 1.50873452e-05  1.80000000e+00 
 1.51873452e-05  1.80000000e+00 
 1.52873452e-05  1.80000000e+00 
 1.53873452e-05  1.80000000e+00 
 1.54873452e-05  1.80000000e+00 
 1.55873452e-05  1.80000000e+00 
 1.56873452e-05  1.80000000e+00 
 1.57873452e-05  1.80000000e+00 
 1.58873452e-05  1.80000000e+00 
 1.59873452e-05  1.80000000e+00 
 1.60873452e-05  1.80000000e+00 
 1.61873452e-05  1.80000000e+00 
 1.62873452e-05  1.80000000e+00 
 1.63873452e-05  1.80000000e+00 
 1.64873452e-05  1.80000000e+00 
 1.65873452e-05  1.80000000e+00 
 1.66873452e-05  1.80000000e+00 
 1.67873452e-05  1.80000000e+00 
 1.68873452e-05  1.80000000e+00 
 1.69873452e-05  1.80000000e+00 
 1.70873452e-05  1.80000000e+00 
 1.71873452e-05  1.80000000e+00 
 1.72873452e-05  1.80000000e+00 
 1.73873452e-05  1.80000000e+00 
 1.74873452e-05  1.80000000e+00 
 1.75873452e-05  1.80000000e+00 
 1.76873452e-05  1.80000000e+00 
 1.77873452e-05  1.80000000e+00 
 1.78873452e-05  1.80000000e+00 
 1.79873452e-05  1.80000000e+00 
 1.80873452e-05  1.80000000e+00 
 1.81873452e-05  1.80000000e+00 
 1.82873452e-05  1.80000000e+00 
 1.83873452e-05  1.80000000e+00 
 1.84873452e-05  1.80000000e+00 
 1.85873452e-05  1.80000000e+00 
 1.86873452e-05  1.80000000e+00 
 1.87873452e-05  1.80000000e+00 
 1.88873452e-05  1.80000000e+00 
 1.89873452e-05  1.80000000e+00 
 1.90873452e-05  1.80000000e+00 
 1.91873452e-05  1.80000000e+00 
 1.92873452e-05  1.80000000e+00 
 1.93873452e-05  1.80000000e+00 
 1.94873452e-05  1.80000000e+00 
 1.95873452e-05  1.80000000e+00 
 1.96873452e-05  1.80000000e+00 
 1.97873452e-05  1.80000000e+00 
 1.98873452e-05  1.80000000e+00 
 1.99873452e-05  1.80000000e+00 
 2.00000000e-05  1.80000000e+00 
