 1.00000000e-02  1.00012434e+02 
 2.00000000e-02  5.00032977e+01 
 3.00000000e-02  3.33364109e+01 
 4.00000000e-02  2.50075240e+01 
 5.00000000e-02  2.00159320e+01 
 6.00000000e-02  1.66933553e+01 
 7.00000000e-02  1.43242603e+01 
 8.00000000e-02  1.25509727e+01 
 9.00000000e-02  1.11750423e+01 
 1.00000000e-01  1.00776150e+01 
 1.10000000e-01  9.18321076e+00 
 1.20000000e-01  8.44162654e+00 
 1.30000000e-01  7.81820538e+00 
 1.40000000e-01  7.28828312e+00 
 1.50000000e-01  6.83386026e+00 
 1.60000000e-01  6.44152313e+00 
 1.70000000e-01  6.10109937e+00 
 1.80000000e-01  5.80476183e+00 
 1.90000000e-01  5.54641599e+00 
 2.00000000e-01  5.32127255e+00 
 2.10000000e-01  5.12554438e+00 
 2.20000000e-01  4.95623013e+00 
 2.30000000e-01  4.81095975e+00 
 2.40000000e-01  4.68788666e+00 
 2.50000000e-01  4.58561646e+00 
 2.60000000e-01  4.50316652e+00 
 2.70000000e-01  4.43995365e+00 
 2.80000000e-01  4.39580912e+00 
 2.90000000e-01  4.37102177e+00 
 3.00000000e-01  4.36640932e+00 
 3.10000000e-01  4.38341720e+00 
 3.20000000e-01  4.42424023e+00 
 3.30000000e-01  4.49195736e+00 
 3.40000000e-01  4.59065897e+00 
 3.50000000e-01  4.72552681e+00 
 3.60000000e-01  4.90278928e+00 
 3.70000000e-01  5.12941043e+00 
 3.80000000e-01  5.41228324e+00 
 3.90000000e-01  5.75664547e+00 
 4.00000000e-01  6.16360784e+00 
 4.10000000e-01  6.62738143e+00 
 4.20000000e-01  7.13395261e+00 
 4.30000000e-01  7.66323200e+00 
 4.40000000e-01  8.19432943e+00 
 4.50000000e-01  8.71064716e+00 
 4.60000000e-01  9.20317253e+00 
 4.70000000e-01  9.67457050e+00 
 4.80000000e-01  1.01452481e+01 
 4.90000000e-01  1.06583175e+01 
 5.00000000e-01  1.12830893e+01 
 5.10000000e-01  1.21250538e+01 
 5.20000000e-01  1.33600665e+01 
 5.30000000e-01  1.53365995e+01 
 5.40000000e-01  1.88980880e+01 
 5.50000000e-01  2.62316335e+01 
 5.60000000e-01  3.60707858e+01 
 5.70000000e-01  3.69386558e+01 
 5.80000000e-01  3.23300220e+01 
 5.90000000e-01  2.86158701e+01 
 6.00000000e-01  2.64438686e+01 
 6.10000000e-01  2.51242269e+01 
 6.20000000e-01  2.42090401e+01 
 6.30000000e-01  2.35517502e+01 
 6.40000000e-01  2.30732488e+01 
 6.50000000e-01  2.26952338e+01 
 6.60000000e-01  2.23830038e+01 
 6.70000000e-01  2.21162181e+01 
 6.80000000e-01  2.18804070e+01 
 6.90000000e-01  2.16652336e+01 
 7.00000000e-01  2.14631334e+01 
 7.10000000e-01  2.12683733e+01 
 7.20000000e-01  2.10764534e+01 
 7.30000000e-01  2.08837124e+01 
 7.40000000e-01  2.06870559e+01 
 7.50000000e-01  2.04837656e+01 
 7.60000000e-01  2.02713625e+01 
 7.70000000e-01  2.00475131e+01 
 7.80000000e-01  1.98099689e+01 
 7.90000000e-01  1.95565356e+01 
 8.00000000e-01  1.92850700e+01 
 8.10000000e-01  1.89935010e+01 
 8.20000000e-01  1.86798717e+01 
 8.30000000e-01  1.83424018e+01 
 8.40000000e-01  1.79795637e+01 
 8.50000000e-01  1.75901687e+01 
 8.60000000e-01  1.71734512e+01 
 8.70000000e-01  1.67291348e+01 
 8.80000000e-01  1.62574585e+01 
 8.90000000e-01  1.57591412e+01 
 9.00000000e-01  1.52352635e+01 
 9.10000000e-01  1.46870538e+01 
 9.20000000e-01  1.41155699e+01 
 9.30000000e-01  1.35212704e+01 
 9.40000000e-01  1.29034635e+01 
 9.50000000e-01  1.22596043e+01 
 9.60000000e-01  1.15843903e+01 
 9.70000000e-01  1.08685785e+01 
 9.80000000e-01  1.00974661e+01 
 9.90000000e-01  9.24918022e+00 
 1.00000000e+00  8.29371733e+00 
 1.01000000e+00  7.19607641e+00 
 1.02000000e+00  5.93187540e+00 
 1.03000000e+00  4.52646088e+00 
 1.04000000e+00  3.10308652e+00 
 1.05000000e+00  1.86435247e+00 
 1.06000000e+00  9.67088188e-01 
 1.07000000e+00  4.22728598e-01 
 1.08000000e+00  1.36795875e-01 
 1.09000000e+00  2.09367038e-03 
 1.10000000e+00  5.54973896e-02 
 1.11000000e+00  7.65324868e-02 
 1.12000000e+00  8.08177096e-02 
 1.13000000e+00  7.76016961e-02 
 1.14000000e+00  7.11659634e-02 
 1.15000000e+00  6.35263324e-02 
 1.16000000e+00  5.56786765e-02 
 1.17000000e+00  4.81554363e-02 
 1.18000000e+00  4.12607915e-02 
 1.19000000e+00  3.51614636e-02 
 1.20000000e+00  2.99218401e-02 
 1.21000000e+00  2.55261609e-02 
 1.22000000e+00  2.19025796e-02 
 1.23000000e+00  1.89485939e-02 
 1.24000000e+00  1.65527752e-02 
 1.25000000e+00  1.46095121e-02 
 1.26000000e+00  1.30266830e-02 
 1.27000000e+00  1.17280908e-02 
 1.28000000e+00  1.06528119e-02 
 1.29000000e+00  9.75313289e-03 
 1.30000000e+00  8.99211665e-03 
 1.31000000e+00  8.34131651e-03 
 1.32000000e+00  7.77883493e-03 
 1.33000000e+00  7.28776615e-03 
 1.34000000e+00  6.85500128e-03 
 1.35000000e+00  6.47030844e-03 
 1.36000000e+00  6.12563609e-03 
 1.37000000e+00  5.81460466e-03 
 1.38000000e+00  5.53211062e-03 
 1.39000000e+00  5.27403931e-03 
 1.40000000e+00  5.03704231e-03 
 1.41000000e+00  4.81837638e-03 
 1.42000000e+00  4.61577108e-03 
 1.43000000e+00  4.42732489e-03 
 1.44000000e+00  4.25144751e-03 
 1.45000000e+00  4.08679633e-03 
 1.46000000e+00  3.93222091e-03 
 1.47000000e+00  3.78672754e-03 
 1.48000000e+00  3.64946829e-03 
 1.49000000e+00  3.51970189e-03 
 1.50000000e+00  3.39677671e-03 
 1.51000000e+00  3.28012557e-03 
 1.52000000e+00  3.16924662e-03 
 1.53000000e+00  3.06368837e-03 
 1.54000000e+00  2.96305601e-03 
 1.55000000e+00  2.86699383e-03 
 1.56000000e+00  2.77517736e-03 
 1.57000000e+00  2.68732132e-03 
 1.58000000e+00  2.60316245e-03 
 1.59000000e+00  2.52246009e-03 
 1.60000000e+00  2.44500583e-03 
 1.61000000e+00  2.37059322e-03 
 1.62000000e+00  2.29904214e-03 
 1.63000000e+00  2.23019603e-03 
 1.64000000e+00  2.16389337e-03 
 1.65000000e+00  2.09999175e-03 
 1.66000000e+00  2.03836677e-03 
 1.67000000e+00  1.97889544e-03 
 1.68000000e+00  1.92146389e-03 
 1.69000000e+00  1.86597480e-03 
 1.70000000e+00  1.81232180e-03 
 1.71000000e+00  1.76041914e-03 
 1.72000000e+00  1.71018545e-03 
 1.73000000e+00  1.66153685e-03 
 1.74000000e+00  1.61440335e-03 
 1.75000000e+00  1.56871427e-03 
 1.76000000e+00  1.52440389e-03 
 1.77000000e+00  1.48141359e-03 
 1.78000000e+00  1.43968423e-03 
 1.79000000e+00  1.39916168e-03 
 1.80000000e+00  1.35979605e-03 
 1.81000000e+00  1.32153999e-03 
 1.82000000e+00  1.28434534e-03 
 1.83000000e+00  1.24816762e-03 
 1.84000000e+00  1.21297339e-03 
 1.85000000e+00  1.17871905e-03 
 1.86000000e+00  1.14536845e-03 
 1.87000000e+00  1.11288649e-03 
 1.88000000e+00  1.08124285e-03 
 1.89000000e+00  1.05040626e-03 
 1.90000000e+00  1.02034180e-03 
 1.91000000e+00  9.91028635e-04 
 1.92000000e+00  9.62436513e-04 
 1.93000000e+00  9.34537340e-04 
 1.94000000e+00  9.07311475e-04 
 1.95000000e+00  8.80731881e-04 
 1.96000000e+00  8.54773090e-04 
 1.97000000e+00  8.29424450e-04 
 1.98000000e+00  8.04662254e-04 
 1.99000000e+00  7.80458482e-04 
 2.00000000e+00  7.56803809e-04 
 2.01000000e+00  7.33677062e-04 
 2.02000000e+00  7.11059723e-04 
 2.03000000e+00  6.88939139e-04 
 2.04000000e+00  6.67294793e-04 
 2.05000000e+00  6.46122268e-04 
 2.06000000e+00  6.25397737e-04 
 2.07000000e+00  6.05103291e-04 
 2.08000000e+00  5.85237321e-04 
 2.09000000e+00  5.65780576e-04 
 2.10000000e+00  5.46721846e-04 
 2.11000000e+00  5.28053424e-04 
 2.12000000e+00  5.09759323e-04 
 2.13000000e+00  4.91823933e-04 
 2.14000000e+00  4.74250632e-04 
 2.15000000e+00  4.57017180e-04 
 2.16000000e+00  4.40119467e-04 
 2.17000000e+00  4.23549918e-04 
 2.18000000e+00  4.07290655e-04 
 2.19000000e+00  3.91338949e-04 
 2.20000000e+00  3.75687591e-04 
 2.21000000e+00  3.60334105e-04 
 2.22000000e+00  3.45254615e-04 
 2.23000000e+00  3.30455201e-04 
 2.24000000e+00  3.15924774e-04 
 2.25000000e+00  3.01653181e-04 
 2.26000000e+00  2.87641573e-04 
 2.27000000e+00  2.73875016e-04 
 2.28000000e+00  2.60349886e-04 
 2.29000000e+00  2.47063214e-04 
 2.30000000e+00  2.34004325e-04 
 2.31000000e+00  2.21164492e-04 
 2.32000000e+00  2.08547952e-04 
 2.33000000e+00  1.96150864e-04 
 2.34000000e+00  1.83960961e-04 
 2.35000000e+00  1.71970374e-04 
 2.36000000e+00  1.60176618e-04 
 2.37000000e+00  1.48574634e-04 
 2.38000000e+00  1.37160486e-04 
 2.39000000e+00  1.25932874e-04 
 2.40000000e+00  1.14889454e-04 
 2.41000000e+00  1.04022785e-04 
 2.42000000e+00  9.33234868e-05 
 2.43000000e+00  8.27894692e-05 
 2.44000000e+00  7.24260614e-05 
 2.45000000e+00  6.22191658e-05 
 2.46000000e+00  5.21631038e-05 
 2.47000000e+00  4.22704039e-05 
 2.48000000e+00  3.25237179e-05 
 2.49000000e+00  2.29208642e-05 
 2.50000000e+00  1.34622885e-05 
 2.51000000e+00  4.14108063e-06 
 2.52000000e+00  5.04201922e-06 
 2.53000000e+00  1.40887225e-05 
 2.54000000e+00  2.30044080e-05 
 2.55000000e+00  3.17988822e-05 
 2.56000000e+00  4.04671904e-05 
 2.57000000e+00  4.90128769e-05 
 2.58000000e+00  5.74358981e-05 
 2.59000000e+00  6.57451594e-05 
 2.60000000e+00  7.39455395e-05 
 2.61000000e+00  8.20269519e-05 
 2.62000000e+00  9.00012193e-05 
 2.63000000e+00  9.78752963e-05 
 2.64000000e+00  1.05639225e-04 
 2.65000000e+00  1.13304263e-04 
 2.66000000e+00  1.20873408e-04 
 2.67000000e+00  1.28340381e-04 
 2.68000000e+00  1.35714590e-04 
 2.69000000e+00  1.42996794e-04 
 2.70000000e+00  1.50190150e-04 
 2.71000000e+00  1.57301008e-04 
 2.72000000e+00  1.64318054e-04 
 2.73000000e+00  1.71256117e-04 
 2.74000000e+00  1.78114543e-04 
 2.75000000e+00  1.84889883e-04 
 2.76000000e+00  1.91600479e-04 
 2.77000000e+00  1.98227867e-04 
 2.78000000e+00  2.04783066e-04 
 2.79000000e+00  2.11270992e-04 
 2.80000000e+00  2.17683881e-04 
 2.81000000e+00  2.24037863e-04 
 2.82000000e+00  2.30330039e-04 
 2.83000000e+00  2.36555954e-04 
 2.84000000e+00  2.42729245e-04 
 2.85000000e+00  2.48845026e-04 
 2.86000000e+00  2.54899800e-04 
 2.87000000e+00  2.60907957e-04 
 2.88000000e+00  2.66865882e-04 
 2.89000000e+00  2.72772323e-04 
 2.90000000e+00  2.78637229e-04 
 2.91000000e+00  2.84455741e-04 
 2.92000000e+00  2.90234992e-04 
 2.93000000e+00  2.95980482e-04 
 2.94000000e+00  3.01684246e-04 
 2.95000000e+00  3.07358101e-04 
 2.96000000e+00  3.13000945e-04 
 2.97000000e+00  3.18611161e-04 
 2.98000000e+00  3.24202291e-04 
 2.99000000e+00  3.29767899e-04 
 3.00000000e+00  3.35314303e-04 
 3.01000000e+00  3.40841553e-04 
 3.02000000e+00  3.46356148e-04 
 3.03000000e+00  3.51863679e-04 
 3.04000000e+00  3.57354151e-04 
 3.05000000e+00  3.62846255e-04 
 3.06000000e+00  3.68334931e-04 
 3.07000000e+00  3.73822754e-04 
 3.08000000e+00  3.79314007e-04 
 3.09000000e+00  3.84810746e-04 
 3.10000000e+00  3.90329273e-04 
 3.11000000e+00  3.95854306e-04 
 3.12000000e+00  4.01399021e-04 
 3.13000000e+00  4.06968765e-04 
 3.14000000e+00  4.12558135e-04 
 3.15000000e+00  4.18182206e-04 
 3.16000000e+00  4.23844821e-04 
 3.17000000e+00  4.29538644e-04 
 3.18000000e+00  4.35276167e-04 
 3.19000000e+00  4.41068890e-04 
 3.20000000e+00  4.46901933e-04 
 3.21000000e+00  4.52793676e-04 
 3.22000000e+00  4.58752962e-04 
 3.23000000e+00  4.64774254e-04 
 3.24000000e+00  4.70866016e-04 
 3.25000000e+00  4.77033318e-04 
 3.26000000e+00  4.83288088e-04 
 3.27000000e+00  4.89624812e-04 
 3.28000000e+00  4.96048541e-04 
 3.29000000e+00  5.02583497e-04 
 3.30000000e+00  5.09221724e-04 
 3.31000000e+00  5.15961804e-04 
 3.32000000e+00  5.22826511e-04 
 3.33000000e+00  5.29818138e-04 
 3.34000000e+00  5.36933529e-04 
 3.35000000e+00  5.44188664e-04 
 3.36000000e+00  5.51592925e-04 
 3.37000000e+00  5.59141615e-04 
 3.38000000e+00  5.66851929e-04 
 3.39000000e+00  5.74732378e-04 
 3.40000000e+00  5.82784263e-04 
 3.41000000e+00  5.91021787e-04 
 3.42000000e+00  5.99449226e-04 
 3.43000000e+00  6.08081200e-04 
 3.44000000e+00  6.16920308e-04 
 3.45000000e+00  6.25980827e-04 
 3.46000000e+00  6.35263217e-04 
 3.47000000e+00  6.44780819e-04 
 3.48000000e+00  6.54555868e-04 
 3.49000000e+00  6.64574462e-04 
 3.50000000e+00  6.74866149e-04 
 3.51000000e+00  6.85439918e-04 
 3.52000000e+00  6.96295213e-04 
 3.53000000e+00  7.07452543e-04 
 3.54000000e+00  7.18926187e-04 
 3.55000000e+00  7.30718934e-04 
 3.56000000e+00  7.42847662e-04 
 3.57000000e+00  7.55324474e-04 
 3.58000000e+00  7.68154412e-04 
 3.59000000e+00  7.81363896e-04 
 3.60000000e+00  7.94963066e-04 
 3.61000000e+00  8.08959359e-04 
 3.62000000e+00  8.23367221e-04 
 3.63000000e+00  8.38199882e-04 
 3.64000000e+00  8.53477040e-04 
 3.65000000e+00  8.69220537e-04 
 3.66000000e+00  8.85436577e-04 
 3.67000000e+00  9.02130739e-04 
 3.68000000e+00  9.19331410e-04 
 3.69000000e+00  9.37059574e-04 
 3.70000000e+00  9.55324909e-04 
 3.71000000e+00  9.74144734e-04 
 3.72000000e+00  9.93536824e-04 
 3.73000000e+00  1.01351842e-03 
 3.74000000e+00  1.03410829e-03 
 3.75000000e+00  1.05532713e-03 
 3.76000000e+00  1.07719308e-03 
 3.77000000e+00  1.09972923e-03 
 3.78000000e+00  1.12295085e-03 
 3.79000000e+00  1.14687723e-03 
 3.80000000e+00  1.17153362e-03 
 3.81000000e+00  1.19693420e-03 
 3.82000000e+00  1.22311101e-03 
 3.83000000e+00  1.25008802e-03 
 3.84000000e+00  1.27787254e-03 
 3.85000000e+00  1.30649525e-03 
 3.86000000e+00  1.33598544e-03 
 3.87000000e+00  1.36636080e-03 
 3.88000000e+00  1.39765292e-03 
 3.89000000e+00  1.42988205e-03 
 3.90000000e+00  1.46306163e-03 
 3.91000000e+00  1.49723734e-03 
 3.92000000e+00  1.53243620e-03 
 3.93000000e+00  1.56867209e-03 
 3.94000000e+00  1.60597077e-03 
 3.95000000e+00  1.64438024e-03 
 3.96000000e+00  1.68390862e-03 
 3.97000000e+00  1.72459234e-03 
 3.98000000e+00  1.76646977e-03 
 3.99000000e+00  1.80955449e-03 
 4.00000000e+00  1.85388966e-03 
 4.01000000e+00  1.89950428e-03 
 4.02000000e+00  1.94642779e-03 
 4.03000000e+00  1.99469390e-03 
 4.04000000e+00  2.04434256e-03 
 4.05000000e+00  2.09539845e-03 
 4.06000000e+00  2.14789438e-03 
 4.07000000e+00  2.20187642e-03 
 4.08000000e+00  2.25736356e-03 
 4.09000000e+00  2.31439835e-03 
 4.10000000e+00  2.37302961e-03 
 4.11000000e+00  2.43328304e-03 
 4.12000000e+00  2.49519928e-03 
 4.13000000e+00  2.55881118e-03 
 4.14000000e+00  2.62416618e-03 
 4.15000000e+00  2.69130234e-03 
 4.16000000e+00  2.76025231e-03 
 4.17000000e+00  2.83106223e-03 
 4.18000000e+00  2.90377574e-03 
 4.19000000e+00  2.97843254e-03 
 4.20000000e+00  3.05507634e-03 
 4.21000000e+00  3.13375352e-03 
 4.22000000e+00  3.21450074e-03 
 4.23000000e+00  3.29736556e-03 
 4.24000000e+00  3.38239440e-03 
 4.25000000e+00  3.46963278e-03 
 4.26000000e+00  3.55913032e-03 
 4.27000000e+00  3.65093085e-03 
 4.28000000e+00  3.74507901e-03 
 4.29000000e+00  3.84163101e-03 
 4.30000000e+00  3.94063276e-03 
 4.31000000e+00  4.04212972e-03 
 4.32000000e+00  4.14617975e-03 
 4.33000000e+00  4.25282821e-03 
 4.34000000e+00  4.36213057e-03 
 4.35000000e+00  4.47413660e-03 
 4.36000000e+00  4.58890027e-03 
 4.37000000e+00  4.70647927e-03 
 4.38000000e+00  4.82692180e-03 
 4.39000000e+00  4.95028629e-03 
 4.40000000e+00  5.07662612e-03 
 4.41000000e+00  5.20599989e-03 
 4.42000000e+00  5.33846648e-03 
 4.43000000e+00  5.47407943e-03 
 4.44000000e+00  5.61290075e-03 
 4.45000000e+00  5.75498745e-03 
 4.46000000e+00  5.90039770e-03 
 4.47000000e+00  6.04919514e-03 
 4.48000000e+00  6.20143997e-03 
 4.49000000e+00  6.35719275e-03 
 4.50000000e+00  6.51651539e-03 
 4.51000000e+00  6.67946904e-03 
 4.52000000e+00  6.84612163e-03 
 4.53000000e+00  7.01653676e-03 
 4.54000000e+00  7.19077438e-03 
 4.55000000e+00  7.36890461e-03 
 4.56000000e+00  7.55099255e-03 
 4.57000000e+00  7.73710353e-03 
 4.58000000e+00  7.92730681e-03 
 4.59000000e+00  8.12166678e-03 
 4.60000000e+00  8.32025371e-03 
 4.61000000e+00  8.52313886e-03 
 4.62000000e+00  8.73038987e-03 
 4.63000000e+00  8.94207487e-03 
 4.64000000e+00  9.15826652e-03 
 4.65000000e+00  9.37903739e-03 
 4.66000000e+00  9.60445790e-03 
 4.67000000e+00  9.83459984e-03 
 4.68000000e+00  1.00695391e-02 
 4.69000000e+00  1.03093451e-02 
 4.70000000e+00  1.05540930e-02 
 4.71000000e+00  1.08038603e-02 
 4.72000000e+00  1.10587179e-02 
 4.73000000e+00  1.13187429e-02 
 4.74000000e+00  1.15840131e-02 
 4.75000000e+00  1.18546034e-02 
 4.76000000e+00  1.21305894e-02 
 4.77000000e+00  1.24120520e-02 
 4.78000000e+00  1.26990652e-02 
 4.79000000e+00  1.29917090e-02 
 4.80000000e+00  1.32900636e-02 
 4.81000000e+00  1.35942049e-02 
 4.82000000e+00  1.39042147e-02 
 4.83000000e+00  1.42201729e-02 
 4.84000000e+00  1.45421582e-02 
 4.85000000e+00  1.48702511e-02 
 4.86000000e+00  1.52045347e-02 
 4.87000000e+00  1.55450896e-02 
 4.88000000e+00  1.58919944e-02 
 4.89000000e+00  1.62453343e-02 
 4.90000000e+00  1.66051912e-02 
 4.91000000e+00  1.69716448e-02 
 4.92000000e+00  1.73447792e-02 
 4.93000000e+00  1.77246792e-02 
 4.94000000e+00  1.81114243e-02 
 4.95000000e+00  1.85050996e-02 
 4.96000000e+00  1.89057899e-02 
 4.97000000e+00  1.93135765e-02 
 4.98000000e+00  1.97285427e-02 
 4.99000000e+00  2.01507724e-02 
 5.00000000e+00  2.05765255e-02 
