 1.00000000e-02  8.06184820e-14 
 2.00000000e-02  1.61247191e-13 
 3.00000000e-02  2.41876308e-13 
 4.00000000e-02  3.22512951e-13 
 5.00000000e-02  4.03181316e-13 
 6.00000000e-02  4.83913948e-13 
 7.00000000e-02  5.64744266e-13 
 8.00000000e-02  6.45704825e-13 
 9.00000000e-02  7.26828738e-13 
 1.00000000e-01  8.08151663e-13 
 1.10000000e-01  8.89713565e-13 
 1.20000000e-01  9.71560207e-13 
 1.30000000e-01  1.05374453e-12 
 1.40000000e-01  1.13632803e-12 
 1.50000000e-01  1.21938214e-12 
 1.60000000e-01  1.30298977e-12 
 1.70000000e-01  1.38724692e-12 
 1.80000000e-01  1.47226440e-12 
 1.90000000e-01  1.55816980e-12 
 2.00000000e-01  1.64510956e-12 
 2.10000000e-01  1.73325133e-12 
 2.20000000e-01  1.82278669e-12 
 2.30000000e-01  1.91393433e-12 
 2.40000000e-01  2.00694391e-12 
 2.50000000e-01  2.10210084e-12 
 2.60000000e-01  2.19973247e-12 
 2.70000000e-01  2.30021608e-12 
 2.80000000e-01  2.40398953e-12 
 2.90000000e-01  2.51156566e-12 
 3.00000000e-01  2.62355169e-12 
 3.10000000e-01  2.74067567e-12 
 3.20000000e-01  2.86382219e-12 
 3.30000000e-01  2.99408042e-12 
 3.40000000e-01  3.13280782e-12 
 3.50000000e-01  3.28171347e-12 
 3.60000000e-01  3.44296432e-12 
 3.70000000e-01  3.61931604e-12 
 3.80000000e-01  3.81426347e-12 
 3.90000000e-01  4.03219352e-12 
 4.00000000e-01  4.27850164e-12 
 4.10000000e-01  4.55961365e-12 
 4.20000000e-01  4.88286762e-12 
 4.30000000e-01  5.25629657e-12 
 4.40000000e-01  5.68847202e-12 
 4.50000000e-01  6.18856084e-12 
 4.60000000e-01  6.76659942e-12 
 4.70000000e-01  7.43404448e-12 
 4.80000000e-01  8.20502317e-12 
 4.90000000e-01  9.09888440e-12 
 5.00000000e-01  1.01445991e-11 
 5.10000000e-01  1.13881328e-11 
 5.20000000e-01  1.29062336e-11 
 5.30000000e-01  1.48366955e-11 
 5.40000000e-01  1.74571227e-11 
 5.50000000e-01  2.14348204e-11 
 5.60000000e-01  2.87025298e-11 
 5.70000000e-01  4.21412764e-11 
 5.80000000e-01  5.98353719e-11 
 5.90000000e-01  8.08308542e-11 
 6.00000000e-01  1.06096276e-10 
 6.10000000e-01  1.36942774e-10 
 6.20000000e-01  1.74907903e-10 
 6.30000000e-01  2.21629823e-10 
 6.40000000e-01  2.79303307e-10 
 6.50000000e-01  3.50518517e-10 
 6.60000000e-01  4.38405301e-10 
 6.70000000e-01  5.46775067e-10 
 6.80000000e-01  6.80257233e-10 
 6.90000000e-01  8.44461169e-10 
 7.00000000e-01  1.04616620e-09 
 7.10000000e-01  1.29354127e-09 
 7.20000000e-01  1.59639657e-09 
 7.30000000e-01  1.96646882e-09 
 7.40000000e-01  2.41773996e-09 
 7.50000000e-01  2.96678726e-09 
 7.60000000e-01  3.63315945e-09 
 7.70000000e-01  4.43976910e-09 
 7.80000000e-01  5.41328603e-09 
 7.90000000e-01  6.58450966e-09 
 8.00000000e-01  7.98868998e-09 
 8.10000000e-01  9.66575857e-09 
 8.20000000e-01  1.16604219e-08 
 8.30000000e-01  1.40220623e-08 
 8.40000000e-01  1.68043879e-08 
 8.50000000e-01  2.00647735e-08 
 8.60000000e-01  2.38632429e-08 
 8.70000000e-01  2.82610583e-08 
 8.80000000e-01  3.33189040e-08 
 8.90000000e-01  3.90946723e-08 
 9.00000000e-01  4.56408732e-08 
 9.10000000e-01  5.30016868e-08 
 9.20000000e-01  6.12096457e-08 
 9.30000000e-01  7.02818674e-08 
 9.40000000e-01  8.02156484e-08 
 9.50000000e-01  9.09830612e-08 
 9.60000000e-01  1.02523975e-07 
 9.70000000e-01  1.14736616e-07 
 9.80000000e-01  1.27464453e-07 
 9.90000000e-01  1.40477976e-07 
 1.00000000e+00  1.53450576e-07 
 1.01000000e+00  1.65931490e-07 
 1.02000000e+00  1.77331689e-07 
 1.03000000e+00  1.86969680e-07 
 1.04000000e+00  1.94257908e-07 
 1.05000000e+00  1.99025662e-07 
 1.06000000e+00  2.01678988e-07 
 1.07000000e+00  2.02926489e-07 
 1.08000000e+00  2.03394644e-07 
 1.09000000e+00  2.03482960e-07 
 1.10000000e+00  2.03403165e-07 
 1.11000000e+00  2.03257193e-07 
 1.12000000e+00  2.03092049e-07 
 1.13000000e+00  2.02928924e-07 
 1.14000000e+00  2.02777097e-07 
 1.15000000e+00  2.02640308e-07 
 1.16000000e+00  2.02519637e-07 
 1.17000000e+00  2.02414787e-07 
 1.18000000e+00  2.02324689e-07 
 1.19000000e+00  2.02247826e-07 
 1.20000000e+00  2.02182463e-07 
 1.21000000e+00  2.02126832e-07 
 1.22000000e+00  2.02079272e-07 
 1.23000000e+00  2.02038311e-07 
 1.24000000e+00  2.02002705e-07 
 1.25000000e+00  2.01971437e-07 
 1.26000000e+00  2.01943691e-07 
 1.27000000e+00  2.01918824e-07 
 1.28000000e+00  2.01896329e-07 
 1.29000000e+00  2.01875809e-07 
 1.30000000e+00  2.01856950e-07 
 1.31000000e+00  2.01839506e-07 
 1.32000000e+00  2.01823278e-07 
 1.33000000e+00  2.01808107e-07 
 1.34000000e+00  2.01793864e-07 
 1.35000000e+00  2.01780441e-07 
 1.36000000e+00  2.01767752e-07 
 1.37000000e+00  2.01755722e-07 
 1.38000000e+00  2.01744289e-07 
 1.39000000e+00  2.01733401e-07 
 1.40000000e+00  2.01723010e-07 
 1.41000000e+00  2.01713079e-07 
 1.42000000e+00  2.01703572e-07 
 1.43000000e+00  2.01694459e-07 
 1.44000000e+00  2.01685713e-07 
 1.45000000e+00  2.01677310e-07 
 1.46000000e+00  2.01669228e-07 
 1.47000000e+00  2.01661449e-07 
 1.48000000e+00  2.01653956e-07 
 1.49000000e+00  2.01646731e-07 
 1.50000000e+00  2.01639761e-07 
 1.51000000e+00  2.01633032e-07 
 1.52000000e+00  2.01626533e-07 
 1.53000000e+00  2.01620252e-07 
 1.54000000e+00  2.01614179e-07 
 1.55000000e+00  2.01608304e-07 
 1.56000000e+00  2.01602619e-07 
 1.57000000e+00  2.01597115e-07 
 1.58000000e+00  2.01591784e-07 
 1.59000000e+00  2.01586619e-07 
 1.60000000e+00  2.01581614e-07 
 1.61000000e+00  2.01576762e-07 
 1.62000000e+00  2.01572057e-07 
 1.63000000e+00  2.01567493e-07 
 1.64000000e+00  2.01563066e-07 
 1.65000000e+00  2.01558770e-07 
 1.66000000e+00  2.01554601e-07 
 1.67000000e+00  2.01550553e-07 
 1.68000000e+00  2.01546624e-07 
 1.69000000e+00  2.01542808e-07 
 1.70000000e+00  2.01539102e-07 
 1.71000000e+00  2.01535503e-07 
 1.72000000e+00  2.01532006e-07 
 1.73000000e+00  2.01528610e-07 
 1.74000000e+00  2.01525310e-07 
 1.75000000e+00  2.01522103e-07 
 1.76000000e+00  2.01518987e-07 
 1.77000000e+00  2.01515959e-07 
 1.78000000e+00  2.01513016e-07 
 1.79000000e+00  2.01510157e-07 
 1.80000000e+00  2.01507377e-07 
 1.81000000e+00  2.01504676e-07 
 1.82000000e+00  2.01502052e-07 
 1.83000000e+00  2.01499501e-07 
 1.84000000e+00  2.01497021e-07 
 1.85000000e+00  2.01494612e-07 
 1.86000000e+00  2.01492271e-07 
 1.87000000e+00  2.01489997e-07 
 1.88000000e+00  2.01487787e-07 
 1.89000000e+00  2.01485640e-07 
 1.90000000e+00  2.01483554e-07 
 1.91000000e+00  2.01481528e-07 
 1.92000000e+00  2.01479560e-07 
 1.93000000e+00  2.01477650e-07 
 1.94000000e+00  2.01475795e-07 
 1.95000000e+00  2.01473994e-07 
 1.96000000e+00  2.01472246e-07 
 1.97000000e+00  2.01470549e-07 
 1.98000000e+00  2.01468904e-07 
 1.99000000e+00  2.01467307e-07 
 2.00000000e+00  2.01465759e-07 
 2.01000000e+00  2.01464258e-07 
 2.02000000e+00  2.01462803e-07 
 2.03000000e+00  2.01461393e-07 
 2.04000000e+00  2.01460027e-07 
 2.05000000e+00  2.01458704e-07 
 2.06000000e+00  2.01457423e-07 
 2.07000000e+00  2.01456184e-07 
 2.08000000e+00  2.01454985e-07 
 2.09000000e+00  2.01453826e-07 
 2.10000000e+00  2.01452706e-07 
 2.11000000e+00  2.01451623e-07 
 2.12000000e+00  2.01450578e-07 
 2.13000000e+00  2.01449570e-07 
 2.14000000e+00  2.01448597e-07 
 2.15000000e+00  2.01447659e-07 
 2.16000000e+00  2.01446755e-07 
 2.17000000e+00  2.01445886e-07 
 2.18000000e+00  2.01445049e-07 
 2.19000000e+00  2.01444245e-07 
 2.20000000e+00  2.01443472e-07 
 2.21000000e+00  2.01442731e-07 
 2.22000000e+00  2.01442021e-07 
 2.23000000e+00  2.01441340e-07 
 2.24000000e+00  2.01440689e-07 
 2.25000000e+00  2.01440067e-07 
 2.26000000e+00  2.01439474e-07 
 2.27000000e+00  2.01438908e-07 
 2.28000000e+00  2.01438371e-07 
 2.29000000e+00  2.01437860e-07 
 2.30000000e+00  2.01437375e-07 
 2.31000000e+00  2.01436917e-07 
 2.32000000e+00  2.01436484e-07 
 2.33000000e+00  2.01436077e-07 
 2.34000000e+00  2.01435694e-07 
 2.35000000e+00  2.01435336e-07 
 2.36000000e+00  2.01435001e-07 
 2.37000000e+00  2.01434690e-07 
 2.38000000e+00  2.01434403e-07 
 2.39000000e+00  2.01434138e-07 
 2.40000000e+00  2.01433895e-07 
 2.41000000e+00  2.01433675e-07 
 2.42000000e+00  2.01433476e-07 
 2.43000000e+00  2.01433299e-07 
 2.44000000e+00  2.01433143e-07 
 2.45000000e+00  2.01433007e-07 
 2.46000000e+00  2.01432892e-07 
 2.47000000e+00  2.01432797e-07 
 2.48000000e+00  2.01432722e-07 
 2.49000000e+00  2.01432666e-07 
 2.50000000e+00  2.01432629e-07 
 2.51000000e+00  2.01432612e-07 
 2.52000000e+00  2.01432613e-07 
 2.53000000e+00  2.01432632e-07 
 2.54000000e+00  2.01432669e-07 
 2.55000000e+00  2.01432725e-07 
 2.56000000e+00  2.01432797e-07 
 2.57000000e+00  2.01432888e-07 
 2.58000000e+00  2.01432995e-07 
 2.59000000e+00  2.01433119e-07 
 2.60000000e+00  2.01433260e-07 
 2.61000000e+00  2.01433417e-07 
 2.62000000e+00  2.01433590e-07 
 2.63000000e+00  2.01433780e-07 
 2.64000000e+00  2.01433985e-07 
 2.65000000e+00  2.01434205e-07 
 2.66000000e+00  2.01434441e-07 
 2.67000000e+00  2.01434692e-07 
 2.68000000e+00  2.01434958e-07 
 2.69000000e+00  2.01435239e-07 
 2.70000000e+00  2.01435534e-07 
 2.71000000e+00  2.01435844e-07 
 2.72000000e+00  2.01436168e-07 
 2.73000000e+00  2.01436506e-07 
 2.74000000e+00  2.01436858e-07 
 2.75000000e+00  2.01437223e-07 
 2.76000000e+00  2.01437603e-07 
 2.77000000e+00  2.01437995e-07 
 2.78000000e+00  2.01438401e-07 
 2.79000000e+00  2.01438820e-07 
 2.80000000e+00  2.01439252e-07 
 2.81000000e+00  2.01439697e-07 
 2.82000000e+00  2.01440155e-07 
 2.83000000e+00  2.01440625e-07 
 2.84000000e+00  2.01441108e-07 
 2.85000000e+00  2.01441603e-07 
 2.86000000e+00  2.01442111e-07 
 2.87000000e+00  2.01442630e-07 
 2.88000000e+00  2.01443162e-07 
 2.89000000e+00  2.01443705e-07 
 2.90000000e+00  2.01444261e-07 
 2.91000000e+00  2.01444828e-07 
 2.92000000e+00  2.01445407e-07 
 2.93000000e+00  2.01445997e-07 
 2.94000000e+00  2.01446599e-07 
 2.95000000e+00  2.01447213e-07 
 2.96000000e+00  2.01447838e-07 
 2.97000000e+00  2.01448474e-07 
 2.98000000e+00  2.01449121e-07 
 2.99000000e+00  2.01449780e-07 
 3.00000000e+00  2.01450450e-07 
 3.01000000e+00  2.01451131e-07 
 3.02000000e+00  2.01451823e-07 
 3.03000000e+00  2.01452527e-07 
 3.04000000e+00  2.01453241e-07 
 3.05000000e+00  2.01453966e-07 
 3.06000000e+00  2.01454703e-07 
 3.07000000e+00  2.01455450e-07 
 3.08000000e+00  2.01456209e-07 
 3.09000000e+00  2.01456979e-07 
 3.10000000e+00  2.01457759e-07 
 3.11000000e+00  2.01458551e-07 
 3.12000000e+00  2.01459354e-07 
 3.13000000e+00  2.01460169e-07 
 3.14000000e+00  2.01460994e-07 
 3.15000000e+00  2.01461831e-07 
 3.16000000e+00  2.01462679e-07 
 3.17000000e+00  2.01463539e-07 
 3.18000000e+00  2.01464410e-07 
 3.19000000e+00  2.01465293e-07 
 3.20000000e+00  2.01466187e-07 
 3.21000000e+00  2.01467093e-07 
 3.22000000e+00  2.01468012e-07 
 3.23000000e+00  2.01468942e-07 
 3.24000000e+00  2.01469884e-07 
 3.25000000e+00  2.01470839e-07 
 3.26000000e+00  2.01471806e-07 
 3.27000000e+00  2.01472786e-07 
 3.28000000e+00  2.01473779e-07 
 3.29000000e+00  2.01474785e-07 
 3.30000000e+00  2.01475805e-07 
 3.31000000e+00  2.01476837e-07 
 3.32000000e+00  2.01477884e-07 
 3.33000000e+00  2.01478944e-07 
 3.34000000e+00  2.01480019e-07 
 3.35000000e+00  2.01481108e-07 
 3.36000000e+00  2.01482211e-07 
 3.37000000e+00  2.01483330e-07 
 3.38000000e+00  2.01484465e-07 
 3.39000000e+00  2.01485615e-07 
 3.40000000e+00  2.01486781e-07 
 3.41000000e+00  2.01487963e-07 
 3.42000000e+00  2.01489162e-07 
 3.43000000e+00  2.01490379e-07 
 3.44000000e+00  2.01491613e-07 
 3.45000000e+00  2.01492865e-07 
 3.46000000e+00  2.01494135e-07 
 3.47000000e+00  2.01495425e-07 
 3.48000000e+00  2.01496734e-07 
 3.49000000e+00  2.01498063e-07 
 3.50000000e+00  2.01499412e-07 
 3.51000000e+00  2.01500782e-07 
 3.52000000e+00  2.01502174e-07 
 3.53000000e+00  2.01503588e-07 
 3.54000000e+00  2.01505025e-07 
 3.55000000e+00  2.01506486e-07 
 3.56000000e+00  2.01507970e-07 
 3.57000000e+00  2.01509480e-07 
 3.58000000e+00  2.01511014e-07 
 3.59000000e+00  2.01512575e-07 
 3.60000000e+00  2.01514163e-07 
 3.61000000e+00  2.01515779e-07 
 3.62000000e+00  2.01517424e-07 
 3.63000000e+00  2.01519098e-07 
 3.64000000e+00  2.01520802e-07 
 3.65000000e+00  2.01522538e-07 
 3.66000000e+00  2.01524305e-07 
 3.67000000e+00  2.01526106e-07 
 3.68000000e+00  2.01527941e-07 
 3.69000000e+00  2.01529812e-07 
 3.70000000e+00  2.01531718e-07 
 3.71000000e+00  2.01533662e-07 
 3.72000000e+00  2.01535645e-07 
 3.73000000e+00  2.01537667e-07 
 3.74000000e+00  2.01539730e-07 
 3.75000000e+00  2.01541835e-07 
 3.76000000e+00  2.01543984e-07 
 3.77000000e+00  2.01546177e-07 
 3.78000000e+00  2.01548417e-07 
 3.79000000e+00  2.01550704e-07 
 3.80000000e+00  2.01553040e-07 
 3.81000000e+00  2.01555426e-07 
 3.82000000e+00  2.01557865e-07 
 3.83000000e+00  2.01560357e-07 
 3.84000000e+00  2.01562904e-07 
 3.85000000e+00  2.01565508e-07 
 3.86000000e+00  2.01568171e-07 
 3.87000000e+00  2.01570894e-07 
 3.88000000e+00  2.01573680e-07 
 3.89000000e+00  2.01576529e-07 
 3.90000000e+00  2.01579444e-07 
 3.91000000e+00  2.01582427e-07 
 3.92000000e+00  2.01585480e-07 
 3.93000000e+00  2.01588606e-07 
 3.94000000e+00  2.01591805e-07 
 3.95000000e+00  2.01595081e-07 
 3.96000000e+00  2.01598435e-07 
 3.97000000e+00  2.01601870e-07 
 3.98000000e+00  2.01605389e-07 
 3.99000000e+00  2.01608993e-07 
 4.00000000e+00  2.01612685e-07 
 4.01000000e+00  2.01616468e-07 
 4.02000000e+00  2.01620344e-07 
 4.03000000e+00  2.01624317e-07 
 4.04000000e+00  2.01628388e-07 
 4.05000000e+00  2.01632561e-07 
 4.06000000e+00  2.01636838e-07 
 4.07000000e+00  2.01641223e-07 
 4.08000000e+00  2.01645718e-07 
 4.09000000e+00  2.01650326e-07 
 4.10000000e+00  2.01655052e-07 
 4.11000000e+00  2.01659897e-07 
 4.12000000e+00  2.01664866e-07 
 4.13000000e+00  2.01669961e-07 
 4.14000000e+00  2.01675186e-07 
 4.15000000e+00  2.01680546e-07 
 4.16000000e+00  2.01686042e-07 
 4.17000000e+00  2.01691680e-07 
 4.18000000e+00  2.01697462e-07 
 4.19000000e+00  2.01703393e-07 
 4.20000000e+00  2.01709477e-07 
 4.21000000e+00  2.01715718e-07 
 4.22000000e+00  2.01722120e-07 
 4.23000000e+00  2.01728687e-07 
 4.24000000e+00  2.01735423e-07 
 4.25000000e+00  2.01742334e-07 
 4.26000000e+00  2.01749423e-07 
 4.27000000e+00  2.01756695e-07 
 4.28000000e+00  2.01764155e-07 
 4.29000000e+00  2.01771807e-07 
 4.30000000e+00  2.01779657e-07 
 4.31000000e+00  2.01787710e-07 
 4.32000000e+00  2.01795970e-07 
 4.33000000e+00  2.01804444e-07 
 4.34000000e+00  2.01813135e-07 
 4.35000000e+00  2.01822050e-07 
 4.36000000e+00  2.01831195e-07 
 4.37000000e+00  2.01840574e-07 
 4.38000000e+00  2.01850194e-07 
 4.39000000e+00  2.01860060e-07 
 4.40000000e+00  2.01870179e-07 
 4.41000000e+00  2.01880557e-07 
 4.42000000e+00  2.01891199e-07 
 4.43000000e+00  2.01902113e-07 
 4.44000000e+00  2.01913304e-07 
 4.45000000e+00  2.01924779e-07 
 4.46000000e+00  2.01936545e-07 
 4.47000000e+00  2.01948609e-07 
 4.48000000e+00  2.01960978e-07 
 4.49000000e+00  2.01973658e-07 
 4.50000000e+00  2.01986657e-07 
 4.51000000e+00  2.01999983e-07 
 4.52000000e+00  2.02013643e-07 
 4.53000000e+00  2.02027643e-07 
 4.54000000e+00  2.02041993e-07 
 4.55000000e+00  2.02056700e-07 
 4.56000000e+00  2.02071772e-07 
 4.57000000e+00  2.02087217e-07 
 4.58000000e+00  2.02103043e-07 
 4.59000000e+00  2.02119260e-07 
 4.60000000e+00  2.02135874e-07 
 4.61000000e+00  2.02152896e-07 
 4.62000000e+00  2.02170334e-07 
 4.63000000e+00  2.02188197e-07 
 4.64000000e+00  2.02206493e-07 
 4.65000000e+00  2.02225234e-07 
 4.66000000e+00  2.02244427e-07 
 4.67000000e+00  2.02264083e-07 
 4.68000000e+00  2.02284211e-07 
 4.69000000e+00  2.02304821e-07 
 4.70000000e+00  2.02325923e-07 
 4.71000000e+00  2.02347528e-07 
 4.72000000e+00  2.02369646e-07 
 4.73000000e+00  2.02392287e-07 
 4.74000000e+00  2.02415463e-07 
 4.75000000e+00  2.02439183e-07 
 4.76000000e+00  2.02463459e-07 
 4.77000000e+00  2.02488303e-07 
 4.78000000e+00  2.02513725e-07 
 4.79000000e+00  2.02539738e-07 
 4.80000000e+00  2.02566352e-07 
 4.81000000e+00  2.02593580e-07 
 4.82000000e+00  2.02621434e-07 
 4.83000000e+00  2.02649926e-07 
 4.84000000e+00  2.02679068e-07 
 4.85000000e+00  2.02708874e-07 
 4.86000000e+00  2.02739355e-07 
 4.87000000e+00  2.02770525e-07 
 4.88000000e+00  2.02802397e-07 
 4.89000000e+00  2.02834983e-07 
 4.90000000e+00  2.02868299e-07 
 4.91000000e+00  2.02902357e-07 
 4.92000000e+00  2.02937171e-07 
 4.93000000e+00  2.02972755e-07 
 4.94000000e+00  2.03009123e-07 
 4.95000000e+00  2.03046291e-07 
 4.96000000e+00  2.03084271e-07 
 4.97000000e+00  2.03123080e-07 
 4.98000000e+00  2.03162732e-07 
 4.99000000e+00  2.03203242e-07 
 5.00000000e+00  2.03244626e-07 
