-4.00000000e+01  1.86215229e-07 
-3.90000000e+01  1.86371607e-07 
-3.80000000e+01  1.86725228e-07 
-3.70000000e+01  1.86978710e-07 
-3.60000000e+01  1.87231217e-07 
-3.50000000e+01  1.87482756e-07 
-3.40000000e+01  1.87733331e-07 
-3.30000000e+01  1.87982949e-07 
-3.20000000e+01  1.88231620e-07 
-3.10000000e+01  1.88479351e-07 
-3.00000000e+01  1.88726153e-07 
-2.90000000e+01  1.88972032e-07 
-2.80000000e+01  1.89216997e-07 
-2.70000000e+01  1.89461056e-07 
-2.60000000e+01  1.89704217e-07 
-2.50000000e+01  1.89946487e-07 
-2.40000000e+01  1.90187874e-07 
-2.30000000e+01  1.90428386e-07 
-2.20000000e+01  1.90668030e-07 
-2.10000000e+01  1.90906813e-07 
-2.00000000e+01  1.91144742e-07 
-1.90000000e+01  1.91381824e-07 
-1.80000000e+01  1.91618067e-07 
-1.70000000e+01  1.91853477e-07 
-1.60000000e+01  1.92088060e-07 
-1.50000000e+01  1.92321824e-07 
-1.40000000e+01  1.92554775e-07 
-1.30000000e+01  1.92786920e-07 
-1.20000000e+01  1.93018264e-07 
-1.10000000e+01  1.93248815e-07 
-1.00000000e+01  1.93478578e-07 
-9.00000000e+00  1.93707559e-07 
-8.00000000e+00  1.93935764e-07 
-7.00000000e+00  1.94163200e-07 
-6.00000000e+00  1.94389872e-07 
-5.00000000e+00  1.94615786e-07 
-4.00000000e+00  1.94840947e-07 
-3.00000000e+00  1.95065362e-07 
-2.00000000e+00  1.95289035e-07 
-1.00000000e+00  1.95511973e-07 
 0.00000000e+00  1.95734180e-07 
 1.00000000e+00  1.95955662e-07 
 2.00000000e+00  1.96176425e-07 
 3.00000000e+00  1.96396473e-07 
 4.00000000e+00  1.96615811e-07 
 5.00000000e+00  1.96834445e-07 
 6.00000000e+00  1.97052380e-07 
 7.00000000e+00  1.97269621e-07 
 8.00000000e+00  1.97486172e-07 
 9.00000000e+00  1.97702038e-07 
 1.00000000e+01  1.97917225e-07 
 1.10000000e+01  1.98131737e-07 
 1.20000000e+01  1.98345578e-07 
 1.30000000e+01  1.98558754e-07 
 1.40000000e+01  1.98771268e-07 
 1.50000000e+01  1.98983126e-07 
 1.60000000e+01  1.99194332e-07 
 1.70000000e+01  1.99404891e-07 
 1.80000000e+01  1.99614806e-07 
 1.90000000e+01  1.99824082e-07 
 2.00000000e+01  2.00032724e-07 
 2.10000000e+01  2.00240736e-07 
 2.20000000e+01  2.00448121e-07 
 2.30000000e+01  2.00654885e-07 
 2.40000000e+01  2.00861031e-07 
 2.50000000e+01  2.01066564e-07 
 2.60000000e+01  2.01271487e-07 
 2.70000000e+01  2.01475805e-07 
 2.80000000e+01  2.01679521e-07 
 2.90000000e+01  2.01882640e-07 
 3.00000000e+01  2.02085165e-07 
 3.10000000e+01  2.02287101e-07 
 3.20000000e+01  2.02488451e-07 
 3.30000000e+01  2.02689219e-07 
 3.40000000e+01  2.02889409e-07 
 3.50000000e+01  2.03089024e-07 
 3.60000000e+01  2.03288069e-07 
 3.70000000e+01  2.03486547e-07 
 3.80000000e+01  2.03684462e-07 
 3.90000000e+01  2.03881817e-07 
 4.00000000e+01  2.04078616e-07 
 4.10000000e+01  2.04274862e-07 
 4.20000000e+01  2.04470560e-07 
 4.30000000e+01  2.04665712e-07 
 4.40000000e+01  2.04860323e-07 
 4.50000000e+01  2.05054395e-07 
 4.60000000e+01  2.05247932e-07 
 4.70000000e+01  2.05440938e-07 
 4.80000000e+01  2.05633417e-07 
 4.90000000e+01  2.05825370e-07 
 5.00000000e+01  2.06016802e-07 
 5.10000000e+01  2.06207717e-07 
 5.20000000e+01  2.06398118e-07 
 5.30000000e+01  2.06588007e-07 
 5.40000000e+01  2.06777389e-07 
 5.50000000e+01  2.06966267e-07 
 5.60000000e+01  2.07154644e-07 
 5.70000000e+01  2.07342524e-07 
 5.80000000e+01  2.07529910e-07 
 5.90000000e+01  2.07716805e-07 
 6.00000000e+01  2.07903214e-07 
 6.10000000e+01  2.08089139e-07 
 6.20000000e+01  2.08274584e-07 
 6.30000000e+01  2.08459553e-07 
 6.40000000e+01  2.08644049e-07 
 6.50000000e+01  2.08828077e-07 
 6.60000000e+01  2.09011640e-07 
 6.70000000e+01  2.09194741e-07 
 6.80000000e+01  2.09377385e-07 
 6.90000000e+01  2.09559577e-07 
 7.00000000e+01  2.09741320e-07 
 7.10000000e+01  2.09922618e-07 
 7.20000000e+01  2.10103477e-07 
 7.30000000e+01  2.10283900e-07 
 7.40000000e+01  2.10463894e-07 
 7.50000000e+01  2.10643463e-07 
 7.60000000e+01  2.10822612e-07 
 7.70000000e+01  2.11001348e-07 
 7.80000000e+01  2.11179675e-07 
 7.90000000e+01  2.11357601e-07 
 8.00000000e+01  2.11535132e-07 
 8.10000000e+01  2.11712274e-07 
 8.20000000e+01  2.11889034e-07 
 8.30000000e+01  2.12065421e-07 
 8.40000000e+01  2.12241443e-07 
 8.50000000e+01  2.12417106e-07 
 8.60000000e+01  2.12592421e-07 
 8.70000000e+01  2.12767396e-07 
 8.80000000e+01  2.12942042e-07 
 8.90000000e+01  2.13116367e-07 
 9.00000000e+01  2.13290383e-07 
 9.10000000e+01  2.13464101e-07 
 9.20000000e+01  2.13637532e-07 
 9.30000000e+01  2.13810688e-07 
 9.40000000e+01  2.13983583e-07 
 9.50000000e+01  2.14156228e-07 
 9.60000000e+01  2.14328639e-07 
 9.70000000e+01  2.14500829e-07 
 9.80000000e+01  2.14672812e-07 
 9.90000000e+01  2.14844604e-07 
 1.00000000e+02  2.15016221e-07 
 1.01000000e+02  2.15187679e-07 
 1.02000000e+02  2.15358994e-07 
 1.03000000e+02  2.15530183e-07 
 1.04000000e+02  2.15701263e-07 
 1.05000000e+02  2.15872252e-07 
 1.06000000e+02  2.16043165e-07 
 1.07000000e+02  2.16214022e-07 
 1.08000000e+02  2.16384838e-07 
 1.09000000e+02  2.16555631e-07 
 1.10000000e+02  2.16726416e-07 
 1.11000000e+02  2.16897209e-07 
 1.12000000e+02  2.17068024e-07 
 1.13000000e+02  2.17238873e-07 
 1.14000000e+02  2.17409770e-07 
 1.15000000e+02  2.17580722e-07 
 1.16000000e+02  2.17751737e-07 
 1.17000000e+02  2.17922820e-07 
 1.18000000e+02  2.18093971e-07 
 1.19000000e+02  2.18265189e-07 
 1.20000000e+02  2.18436467e-07 
 1.21000000e+02  2.18607792e-07 
 1.22000000e+02  2.18779149e-07 
 1.23000000e+02  2.18950514e-07 
 1.24000000e+02  2.19121856e-07 
 1.25000000e+02  2.19293140e-07 
