 0.00000000e+00  1.00000000e-02 
 1.00000000e-10  1.03290000e-02 
 2.00000000e-10  1.06580000e-02 
 4.00000000e-10  1.13160000e-02 
 8.00000000e-10  1.26320000e-02 
 1.60000000e-09  1.52640000e-02 
 3.20000000e-09  2.05280000e-02 
 6.40000000e-09  3.10560000e-02 
 1.28000000e-08  5.21120000e-02 
 2.28000000e-08  8.50120000e-02 
 3.28000000e-08  1.17912000e-01 
 4.28000000e-08  1.50812000e-01 
 5.28000000e-08  1.83712000e-01 
 6.28000000e-08  2.16612000e-01 
 7.28000000e-08  2.49512000e-01 
 8.28000000e-08  2.82412000e-01 
 9.28000000e-08  3.15312000e-01 
 1.02800000e-07  3.48212000e-01 
 1.12800000e-07  3.81112000e-01 
 1.22800000e-07  4.14012000e-01 
 1.32800000e-07  4.46912000e-01 
 1.42800000e-07  4.79812000e-01 
 1.52800000e-07  5.12712000e-01 
 1.62800000e-07  5.45612000e-01 
 1.72800000e-07  5.78512000e-01 
 1.82800000e-07  6.11412000e-01 
 1.92800000e-07  6.44312000e-01 
 2.02800000e-07  6.77212000e-01 
 2.12800000e-07  7.10112000e-01 
 2.22800000e-07  7.43012000e-01 
 2.32800000e-07  7.75912000e-01 
 2.42800000e-07  8.08812000e-01 
 2.52800000e-07  8.41712000e-01 
 2.62800000e-07  8.74612000e-01 
 2.72800000e-07  9.07512000e-01 
 2.82800000e-07  9.40412000e-01 
 2.92800000e-07  9.73312000e-01 
 3.02800000e-07  1.00621200e+00 
 3.12800000e-07  1.03911200e+00 
 3.22800000e-07  1.07201200e+00 
 3.32800000e-07  1.10491200e+00 
 3.42800000e-07  1.13781200e+00 
 3.52800000e-07  1.17071200e+00 
 3.62800000e-07  1.20361200e+00 
 3.72800000e-07  1.23651200e+00 
 3.82800000e-07  1.26941200e+00 
 3.92800000e-07  1.30231200e+00 
 4.02800000e-07  1.33521200e+00 
 4.12800000e-07  1.36811200e+00 
 4.22800000e-07  1.40101200e+00 
 4.32800000e-07  1.43391200e+00 
 4.42800000e-07  1.46681200e+00 
 4.52800000e-07  1.49971200e+00 
 4.62800000e-07  1.53261200e+00 
 4.72800000e-07  1.56551200e+00 
 4.82800000e-07  1.59841200e+00 
 4.92800000e-07  1.63131200e+00 
 5.02800000e-07  1.66421200e+00 
 5.12800000e-07  1.69711200e+00 
 5.22800000e-07  1.73001200e+00 
 5.32800000e-07  1.76291200e+00 
 5.42800000e-07  1.79581200e+00 
 5.52800000e-07  1.82871200e+00 
 5.62800000e-07  1.86161200e+00 
 5.72800000e-07  1.89451200e+00 
 5.82800000e-07  1.92741200e+00 
 5.92800000e-07  1.96031200e+00 
 6.02800000e-07  1.99321200e+00 
 6.12800000e-07  2.02611200e+00 
 6.22800000e-07  2.05901200e+00 
 6.32800000e-07  2.09191200e+00 
 6.42800000e-07  2.12481200e+00 
 6.52800000e-07  2.15771200e+00 
 6.62800000e-07  2.19061200e+00 
 6.72800000e-07  2.22351200e+00 
 6.82800000e-07  2.25641200e+00 
 6.92800000e-07  2.28931200e+00 
 7.02800000e-07  2.32221200e+00 
 7.12800000e-07  2.35511200e+00 
 7.22800000e-07  2.38801200e+00 
 7.32800000e-07  2.42091200e+00 
 7.42800000e-07  2.45381200e+00 
 7.52800000e-07  2.48671200e+00 
 7.62800000e-07  2.51961200e+00 
 7.72800000e-07  2.55251200e+00 
 7.82800000e-07  2.58541200e+00 
 7.92800000e-07  2.61831200e+00 
 8.02800000e-07  2.65121200e+00 
 8.12800000e-07  2.68411200e+00 
 8.22800000e-07  2.71701200e+00 
 8.32800000e-07  2.74991200e+00 
 8.42800000e-07  2.78281200e+00 
 8.52800000e-07  2.81571200e+00 
 8.62800000e-07  2.84861200e+00 
 8.72800000e-07  2.88151200e+00 
 8.82800000e-07  2.91441200e+00 
 8.92800000e-07  2.94731200e+00 
 9.02800000e-07  2.98021200e+00 
 9.12800000e-07  3.01311200e+00 
 9.22800000e-07  3.04601200e+00 
 9.32800000e-07  3.07891200e+00 
 9.42800000e-07  3.11181200e+00 
 9.52800000e-07  3.14471200e+00 
 9.62800000e-07  3.17761200e+00 
 9.72800000e-07  3.21051200e+00 
 9.82800000e-07  3.24341200e+00 
 9.92800000e-07  3.27631200e+00 
 1.00000000e-06  3.30000000e+00 
 1.00100000e-06  3.30000000e+00 
 1.00300000e-06  3.30000000e+00 
 1.00700000e-06  3.30000000e+00 
 1.01500000e-06  3.30000000e+00 
 1.02500000e-06  3.30000000e+00 
 1.03500000e-06  3.30000000e+00 
 1.04500000e-06  3.30000000e+00 
 1.05500000e-06  3.30000000e+00 
 1.06500000e-06  3.30000000e+00 
 1.07500000e-06  3.30000000e+00 
 1.08500000e-06  3.30000000e+00 
 1.09500000e-06  3.30000000e+00 
 1.10500000e-06  3.30000000e+00 
 1.11500000e-06  3.30000000e+00 
 1.12500000e-06  3.30000000e+00 
 1.13500000e-06  3.30000000e+00 
 1.14500000e-06  3.30000000e+00 
 1.15500000e-06  3.30000000e+00 
 1.16500000e-06  3.30000000e+00 
 1.17500000e-06  3.30000000e+00 
 1.18500000e-06  3.30000000e+00 
 1.19500000e-06  3.30000000e+00 
 1.20500000e-06  3.30000000e+00 
 1.21500000e-06  3.30000000e+00 
 1.22389485e-06  3.30000000e+00 
 1.23326059e-06  3.30000000e+00 
 1.24326059e-06  3.30000000e+00 
 1.25309716e-06  3.30000000e+00 
 1.26309716e-06  3.30000000e+00 
 1.27309716e-06  3.30000000e+00 
 1.28164339e-06  3.30000000e+00 
 1.28965369e-06  3.30000000e+00 
 1.29840955e-06  3.30000000e+00 
 1.30823078e-06  3.30000000e+00 
 1.31823078e-06  3.30000000e+00 
 1.32823078e-06  3.30000000e+00 
 1.33823078e-06  3.30000000e+00 
 1.34823078e-06  3.30000000e+00 
 1.35823078e-06  3.30000000e+00 
 1.36823078e-06  3.30000000e+00 
 1.37823078e-06  3.30000000e+00 
 1.38823078e-06  3.30000000e+00 
 1.39823078e-06  3.30000000e+00 
 1.40823078e-06  3.30000000e+00 
 1.41823078e-06  3.30000000e+00 
 1.42823078e-06  3.30000000e+00 
 1.43823078e-06  3.30000000e+00 
 1.44823078e-06  3.30000000e+00 
 1.45823078e-06  3.30000000e+00 
 1.46823078e-06  3.30000000e+00 
 1.47823078e-06  3.30000000e+00 
 1.48823078e-06  3.30000000e+00 
 1.49823078e-06  3.30000000e+00 
 1.50823078e-06  3.30000000e+00 
 1.51823078e-06  3.30000000e+00 
 1.52823078e-06  3.30000000e+00 
 1.53823078e-06  3.30000000e+00 
 1.54823078e-06  3.30000000e+00 
 1.55823078e-06  3.30000000e+00 
 1.56823078e-06  3.30000000e+00 
 1.57823078e-06  3.30000000e+00 
 1.58823078e-06  3.30000000e+00 
 1.59823078e-06  3.30000000e+00 
 1.60823078e-06  3.30000000e+00 
 1.61823078e-06  3.30000000e+00 
 1.62823078e-06  3.30000000e+00 
 1.63823078e-06  3.30000000e+00 
 1.64823078e-06  3.30000000e+00 
 1.65823078e-06  3.30000000e+00 
 1.66823078e-06  3.30000000e+00 
 1.67823078e-06  3.30000000e+00 
 1.68823078e-06  3.30000000e+00 
 1.69823078e-06  3.30000000e+00 
 1.70823078e-06  3.30000000e+00 
 1.71823078e-06  3.30000000e+00 
 1.72823078e-06  3.30000000e+00 
 1.73823078e-06  3.30000000e+00 
 1.74823078e-06  3.30000000e+00 
 1.75823078e-06  3.30000000e+00 
 1.76823078e-06  3.30000000e+00 
 1.77823078e-06  3.30000000e+00 
 1.78823078e-06  3.30000000e+00 
 1.79823078e-06  3.30000000e+00 
 1.80823078e-06  3.30000000e+00 
 1.81823078e-06  3.30000000e+00 
 1.82823078e-06  3.30000000e+00 
 1.83823078e-06  3.30000000e+00 
 1.84823078e-06  3.30000000e+00 
 1.85823078e-06  3.30000000e+00 
 1.86823078e-06  3.30000000e+00 
 1.87823078e-06  3.30000000e+00 
 1.88823078e-06  3.30000000e+00 
 1.89823078e-06  3.30000000e+00 
 1.90823078e-06  3.30000000e+00 
 1.91823078e-06  3.30000000e+00 
 1.92823078e-06  3.30000000e+00 
 1.93823078e-06  3.30000000e+00 
 1.94823078e-06  3.30000000e+00 
 1.95823078e-06  3.30000000e+00 
 1.96823078e-06  3.30000000e+00 
 1.97823078e-06  3.30000000e+00 
 1.98823078e-06  3.30000000e+00 
 1.99823078e-06  3.30000000e+00 
 2.00823078e-06  3.30000000e+00 
 2.01823078e-06  3.30000000e+00 
 2.02823078e-06  3.30000000e+00 
 2.03823078e-06  3.30000000e+00 
 2.04823078e-06  3.30000000e+00 
 2.05823078e-06  3.30000000e+00 
 2.06823078e-06  3.30000000e+00 
 2.07823078e-06  3.30000000e+00 
 2.08823078e-06  3.30000000e+00 
 2.09823078e-06  3.30000000e+00 
 2.10823078e-06  3.30000000e+00 
 2.11823078e-06  3.30000000e+00 
 2.12823078e-06  3.30000000e+00 
 2.13823078e-06  3.30000000e+00 
 2.14823078e-06  3.30000000e+00 
 2.15823078e-06  3.30000000e+00 
 2.16823078e-06  3.30000000e+00 
 2.17823078e-06  3.30000000e+00 
 2.18823078e-06  3.30000000e+00 
 2.19823078e-06  3.30000000e+00 
 2.20823078e-06  3.30000000e+00 
 2.21823078e-06  3.30000000e+00 
 2.22823078e-06  3.30000000e+00 
 2.23823078e-06  3.30000000e+00 
 2.24823078e-06  3.30000000e+00 
 2.25823078e-06  3.30000000e+00 
 2.26823078e-06  3.30000000e+00 
 2.27823078e-06  3.30000000e+00 
 2.28823078e-06  3.30000000e+00 
 2.29823078e-06  3.30000000e+00 
 2.30823078e-06  3.30000000e+00 
 2.31823078e-06  3.30000000e+00 
 2.32823078e-06  3.30000000e+00 
 2.33823078e-06  3.30000000e+00 
 2.34823078e-06  3.30000000e+00 
 2.35823078e-06  3.30000000e+00 
 2.36823078e-06  3.30000000e+00 
 2.37823078e-06  3.30000000e+00 
 2.38823078e-06  3.30000000e+00 
 2.39823078e-06  3.30000000e+00 
 2.40823078e-06  3.30000000e+00 
 2.41823078e-06  3.30000000e+00 
 2.42823078e-06  3.30000000e+00 
 2.43823078e-06  3.30000000e+00 
 2.44823078e-06  3.30000000e+00 
 2.45823078e-06  3.30000000e+00 
 2.46823078e-06  3.30000000e+00 
 2.47823078e-06  3.30000000e+00 
 2.48823078e-06  3.30000000e+00 
 2.49823078e-06  3.30000000e+00 
 2.50823078e-06  3.30000000e+00 
 2.51823078e-06  3.30000000e+00 
 2.52823078e-06  3.30000000e+00 
 2.53823078e-06  3.30000000e+00 
 2.54823078e-06  3.30000000e+00 
 2.55823078e-06  3.30000000e+00 
 2.56823078e-06  3.30000000e+00 
 2.57823078e-06  3.30000000e+00 
 2.58823078e-06  3.30000000e+00 
 2.59823078e-06  3.30000000e+00 
 2.60823078e-06  3.30000000e+00 
 2.61823078e-06  3.30000000e+00 
 2.62823078e-06  3.30000000e+00 
 2.63823078e-06  3.30000000e+00 
 2.64823078e-06  3.30000000e+00 
 2.65823078e-06  3.30000000e+00 
 2.66823078e-06  3.30000000e+00 
 2.67823078e-06  3.30000000e+00 
 2.68823078e-06  3.30000000e+00 
 2.69823078e-06  3.30000000e+00 
 2.70823078e-06  3.30000000e+00 
 2.71823078e-06  3.30000000e+00 
 2.72823078e-06  3.30000000e+00 
 2.73823078e-06  3.30000000e+00 
 2.74823078e-06  3.30000000e+00 
 2.75823078e-06  3.30000000e+00 
 2.76823078e-06  3.30000000e+00 
 2.77823078e-06  3.30000000e+00 
 2.78823078e-06  3.30000000e+00 
 2.79823078e-06  3.30000000e+00 
 2.80823078e-06  3.30000000e+00 
 2.81823078e-06  3.30000000e+00 
 2.82823078e-06  3.30000000e+00 
 2.83823078e-06  3.30000000e+00 
 2.84823078e-06  3.30000000e+00 
 2.85823078e-06  3.30000000e+00 
 2.86823078e-06  3.30000000e+00 
 2.87823078e-06  3.30000000e+00 
 2.88823078e-06  3.30000000e+00 
 2.89823078e-06  3.30000000e+00 
 2.90823078e-06  3.30000000e+00 
 2.91823078e-06  3.30000000e+00 
 2.92823078e-06  3.30000000e+00 
 2.93823078e-06  3.30000000e+00 
 2.94823078e-06  3.30000000e+00 
 2.95823078e-06  3.30000000e+00 
 2.96823078e-06  3.30000000e+00 
 2.97823078e-06  3.30000000e+00 
 2.98823078e-06  3.30000000e+00 
 2.99823078e-06  3.30000000e+00 
 3.00823078e-06  3.30000000e+00 
 3.01823078e-06  3.30000000e+00 
 3.02823078e-06  3.30000000e+00 
 3.03823078e-06  3.30000000e+00 
 3.04823078e-06  3.30000000e+00 
 3.05823078e-06  3.30000000e+00 
 3.06823078e-06  3.30000000e+00 
 3.07823078e-06  3.30000000e+00 
 3.08823078e-06  3.30000000e+00 
 3.09823078e-06  3.30000000e+00 
 3.10823078e-06  3.30000000e+00 
 3.11823078e-06  3.30000000e+00 
 3.12823078e-06  3.30000000e+00 
 3.13823078e-06  3.30000000e+00 
 3.14823078e-06  3.30000000e+00 
 3.15823078e-06  3.30000000e+00 
 3.16823078e-06  3.30000000e+00 
 3.17823078e-06  3.30000000e+00 
 3.18823078e-06  3.30000000e+00 
 3.19823078e-06  3.30000000e+00 
 3.20823078e-06  3.30000000e+00 
 3.21823078e-06  3.30000000e+00 
 3.22823078e-06  3.30000000e+00 
 3.23823078e-06  3.30000000e+00 
 3.24823078e-06  3.30000000e+00 
 3.25823078e-06  3.30000000e+00 
 3.26823078e-06  3.30000000e+00 
 3.27823078e-06  3.30000000e+00 
 3.28823078e-06  3.30000000e+00 
 3.29823078e-06  3.30000000e+00 
 3.30823078e-06  3.30000000e+00 
 3.31823078e-06  3.30000000e+00 
 3.32823078e-06  3.30000000e+00 
 3.33823078e-06  3.30000000e+00 
 3.34823078e-06  3.30000000e+00 
 3.35823078e-06  3.30000000e+00 
 3.36823078e-06  3.30000000e+00 
 3.37823078e-06  3.30000000e+00 
 3.38823078e-06  3.30000000e+00 
 3.39823078e-06  3.30000000e+00 
 3.40823078e-06  3.30000000e+00 
 3.41823078e-06  3.30000000e+00 
 3.42823078e-06  3.30000000e+00 
 3.43823078e-06  3.30000000e+00 
 3.44823078e-06  3.30000000e+00 
 3.45823078e-06  3.30000000e+00 
 3.46823078e-06  3.30000000e+00 
 3.47823078e-06  3.30000000e+00 
 3.48823078e-06  3.30000000e+00 
 3.49823078e-06  3.30000000e+00 
 3.50823078e-06  3.30000000e+00 
 3.51823078e-06  3.30000000e+00 
 3.52823078e-06  3.30000000e+00 
 3.53823078e-06  3.30000000e+00 
 3.54823078e-06  3.30000000e+00 
 3.55823078e-06  3.30000000e+00 
 3.56823078e-06  3.30000000e+00 
 3.57823078e-06  3.30000000e+00 
 3.58823078e-06  3.30000000e+00 
 3.59823078e-06  3.30000000e+00 
 3.60823078e-06  3.30000000e+00 
 3.61823078e-06  3.30000000e+00 
 3.62823078e-06  3.30000000e+00 
 3.63823078e-06  3.30000000e+00 
 3.64823078e-06  3.30000000e+00 
 3.65823078e-06  3.30000000e+00 
 3.66823078e-06  3.30000000e+00 
 3.67823078e-06  3.30000000e+00 
 3.68823078e-06  3.30000000e+00 
 3.69823078e-06  3.30000000e+00 
 3.70823078e-06  3.30000000e+00 
 3.71823078e-06  3.30000000e+00 
 3.72823078e-06  3.30000000e+00 
 3.73823078e-06  3.30000000e+00 
 3.74823078e-06  3.30000000e+00 
 3.75823078e-06  3.30000000e+00 
 3.76823078e-06  3.30000000e+00 
 3.77823078e-06  3.30000000e+00 
 3.78823078e-06  3.30000000e+00 
 3.79823078e-06  3.30000000e+00 
 3.80823078e-06  3.30000000e+00 
 3.81823078e-06  3.30000000e+00 
 3.82823078e-06  3.30000000e+00 
 3.83823078e-06  3.30000000e+00 
 3.84823078e-06  3.30000000e+00 
 3.85823078e-06  3.30000000e+00 
 3.86823078e-06  3.30000000e+00 
 3.87823078e-06  3.30000000e+00 
 3.88823078e-06  3.30000000e+00 
 3.89823078e-06  3.30000000e+00 
 3.90823078e-06  3.30000000e+00 
 3.91823078e-06  3.30000000e+00 
 3.92823078e-06  3.30000000e+00 
 3.93823078e-06  3.30000000e+00 
 3.94823078e-06  3.30000000e+00 
 3.95823078e-06  3.30000000e+00 
 3.96823078e-06  3.30000000e+00 
 3.97823078e-06  3.30000000e+00 
 3.98823078e-06  3.30000000e+00 
 3.99823078e-06  3.30000000e+00 
 4.00823078e-06  3.30000000e+00 
 4.01823078e-06  3.30000000e+00 
 4.02823078e-06  3.30000000e+00 
 4.03823078e-06  3.30000000e+00 
 4.04823078e-06  3.30000000e+00 
 4.05823078e-06  3.30000000e+00 
 4.06823078e-06  3.30000000e+00 
 4.07823078e-06  3.30000000e+00 
 4.08823078e-06  3.30000000e+00 
 4.09823078e-06  3.30000000e+00 
 4.10823078e-06  3.30000000e+00 
 4.11823078e-06  3.30000000e+00 
 4.12823078e-06  3.30000000e+00 
 4.13823078e-06  3.30000000e+00 
 4.14823078e-06  3.30000000e+00 
 4.15823078e-06  3.30000000e+00 
 4.16823078e-06  3.30000000e+00 
 4.17823078e-06  3.30000000e+00 
 4.18823078e-06  3.30000000e+00 
 4.19823078e-06  3.30000000e+00 
 4.20823078e-06  3.30000000e+00 
 4.21823078e-06  3.30000000e+00 
 4.22823078e-06  3.30000000e+00 
 4.23823078e-06  3.30000000e+00 
 4.24823078e-06  3.30000000e+00 
 4.25823078e-06  3.30000000e+00 
 4.26823078e-06  3.30000000e+00 
 4.27823078e-06  3.30000000e+00 
 4.28823078e-06  3.30000000e+00 
 4.29823078e-06  3.30000000e+00 
 4.30823078e-06  3.30000000e+00 
 4.31823078e-06  3.30000000e+00 
 4.32823078e-06  3.30000000e+00 
 4.33823078e-06  3.30000000e+00 
 4.34823078e-06  3.30000000e+00 
 4.35823078e-06  3.30000000e+00 
 4.36823078e-06  3.30000000e+00 
 4.37823078e-06  3.30000000e+00 
 4.38823078e-06  3.30000000e+00 
 4.39823078e-06  3.30000000e+00 
 4.40823078e-06  3.30000000e+00 
 4.41823078e-06  3.30000000e+00 
 4.42823078e-06  3.30000000e+00 
 4.43823078e-06  3.30000000e+00 
 4.44823078e-06  3.30000000e+00 
 4.45823078e-06  3.30000000e+00 
 4.46823078e-06  3.30000000e+00 
 4.47823078e-06  3.30000000e+00 
 4.48823078e-06  3.30000000e+00 
 4.49823078e-06  3.30000000e+00 
 4.50823078e-06  3.30000000e+00 
 4.51823078e-06  3.30000000e+00 
 4.52823078e-06  3.30000000e+00 
 4.53823078e-06  3.30000000e+00 
 4.54823078e-06  3.30000000e+00 
 4.55823078e-06  3.30000000e+00 
 4.56823078e-06  3.30000000e+00 
 4.57823078e-06  3.30000000e+00 
 4.58823078e-06  3.30000000e+00 
 4.59823078e-06  3.30000000e+00 
 4.60823078e-06  3.30000000e+00 
 4.61823078e-06  3.30000000e+00 
 4.62823078e-06  3.30000000e+00 
 4.63823078e-06  3.30000000e+00 
 4.64823078e-06  3.30000000e+00 
 4.65823078e-06  3.30000000e+00 
 4.66823078e-06  3.30000000e+00 
 4.67823078e-06  3.30000000e+00 
 4.68823078e-06  3.30000000e+00 
 4.69823078e-06  3.30000000e+00 
 4.70823078e-06  3.30000000e+00 
 4.71823078e-06  3.30000000e+00 
 4.72823078e-06  3.30000000e+00 
 4.73823078e-06  3.30000000e+00 
 4.74823078e-06  3.30000000e+00 
 4.75823078e-06  3.30000000e+00 
 4.76823078e-06  3.30000000e+00 
 4.77823078e-06  3.30000000e+00 
 4.78823078e-06  3.30000000e+00 
 4.79823078e-06  3.30000000e+00 
 4.80823078e-06  3.30000000e+00 
 4.81823078e-06  3.30000000e+00 
 4.82823078e-06  3.30000000e+00 
 4.83823078e-06  3.30000000e+00 
 4.84823078e-06  3.30000000e+00 
 4.85823078e-06  3.30000000e+00 
 4.86823078e-06  3.30000000e+00 
 4.87823078e-06  3.30000000e+00 
 4.88823078e-06  3.30000000e+00 
 4.89823078e-06  3.30000000e+00 
 4.90823078e-06  3.30000000e+00 
 4.91823078e-06  3.30000000e+00 
 4.92823078e-06  3.30000000e+00 
 4.93823078e-06  3.30000000e+00 
 4.94823078e-06  3.30000000e+00 
 4.95823078e-06  3.30000000e+00 
 4.96823078e-06  3.30000000e+00 
 4.97823078e-06  3.30000000e+00 
 4.98823078e-06  3.30000000e+00 
 4.99823078e-06  3.30000000e+00 
 5.00823078e-06  3.30000000e+00 
 5.01823078e-06  3.30000000e+00 
 5.02823078e-06  3.30000000e+00 
 5.03823078e-06  3.30000000e+00 
 5.04823078e-06  3.30000000e+00 
 5.05823078e-06  3.30000000e+00 
 5.06823078e-06  3.30000000e+00 
 5.07823078e-06  3.30000000e+00 
 5.08823078e-06  3.30000000e+00 
 5.09823078e-06  3.30000000e+00 
 5.10823078e-06  3.30000000e+00 
 5.11823078e-06  3.30000000e+00 
 5.12823078e-06  3.30000000e+00 
 5.13823078e-06  3.30000000e+00 
 5.14823078e-06  3.30000000e+00 
 5.15823078e-06  3.30000000e+00 
 5.16823078e-06  3.30000000e+00 
 5.17823078e-06  3.30000000e+00 
 5.18823078e-06  3.30000000e+00 
 5.19823078e-06  3.30000000e+00 
 5.20823078e-06  3.30000000e+00 
 5.21823078e-06  3.30000000e+00 
 5.22823078e-06  3.30000000e+00 
 5.23823078e-06  3.30000000e+00 
 5.24823078e-06  3.30000000e+00 
 5.25823078e-06  3.30000000e+00 
 5.26823078e-06  3.30000000e+00 
 5.27823078e-06  3.30000000e+00 
 5.28823078e-06  3.30000000e+00 
 5.29823078e-06  3.30000000e+00 
 5.30823078e-06  3.30000000e+00 
 5.31823078e-06  3.30000000e+00 
 5.32823078e-06  3.30000000e+00 
 5.33823078e-06  3.30000000e+00 
 5.34823078e-06  3.30000000e+00 
 5.35823078e-06  3.30000000e+00 
 5.36823078e-06  3.30000000e+00 
 5.37823078e-06  3.30000000e+00 
 5.38823078e-06  3.30000000e+00 
 5.39823078e-06  3.30000000e+00 
 5.40823078e-06  3.30000000e+00 
 5.41823078e-06  3.30000000e+00 
 5.42823078e-06  3.30000000e+00 
 5.43823078e-06  3.30000000e+00 
 5.44823078e-06  3.30000000e+00 
 5.45823078e-06  3.30000000e+00 
 5.46823078e-06  3.30000000e+00 
 5.47823078e-06  3.30000000e+00 
 5.48823078e-06  3.30000000e+00 
 5.49823078e-06  3.30000000e+00 
 5.50823078e-06  3.30000000e+00 
 5.51823078e-06  3.30000000e+00 
 5.52823078e-06  3.30000000e+00 
 5.53823078e-06  3.30000000e+00 
 5.54823078e-06  3.30000000e+00 
 5.55823078e-06  3.30000000e+00 
 5.56823078e-06  3.30000000e+00 
 5.57823078e-06  3.30000000e+00 
 5.58823078e-06  3.30000000e+00 
 5.59823078e-06  3.30000000e+00 
 5.60823078e-06  3.30000000e+00 
 5.61823078e-06  3.30000000e+00 
 5.62823078e-06  3.30000000e+00 
 5.63823078e-06  3.30000000e+00 
 5.64823078e-06  3.30000000e+00 
 5.65823078e-06  3.30000000e+00 
 5.66823078e-06  3.30000000e+00 
 5.67823078e-06  3.30000000e+00 
 5.68823078e-06  3.30000000e+00 
 5.69823078e-06  3.30000000e+00 
 5.70823078e-06  3.30000000e+00 
 5.71823078e-06  3.30000000e+00 
 5.72823078e-06  3.30000000e+00 
 5.73823078e-06  3.30000000e+00 
 5.74823078e-06  3.30000000e+00 
 5.75823078e-06  3.30000000e+00 
 5.76823078e-06  3.30000000e+00 
 5.77823078e-06  3.30000000e+00 
 5.78823078e-06  3.30000000e+00 
 5.79823078e-06  3.30000000e+00 
 5.80823078e-06  3.30000000e+00 
 5.81823078e-06  3.30000000e+00 
 5.82823078e-06  3.30000000e+00 
 5.83823078e-06  3.30000000e+00 
 5.84823078e-06  3.30000000e+00 
 5.85823078e-06  3.30000000e+00 
 5.86823078e-06  3.30000000e+00 
 5.87823078e-06  3.30000000e+00 
 5.88823078e-06  3.30000000e+00 
 5.89823078e-06  3.30000000e+00 
 5.90823078e-06  3.30000000e+00 
 5.91823078e-06  3.30000000e+00 
 5.92823078e-06  3.30000000e+00 
 5.93823078e-06  3.30000000e+00 
 5.94823078e-06  3.30000000e+00 
 5.95823078e-06  3.30000000e+00 
 5.96823078e-06  3.30000000e+00 
 5.97823078e-06  3.30000000e+00 
 5.98823078e-06  3.30000000e+00 
 5.99823078e-06  3.30000000e+00 
 6.00823078e-06  3.30000000e+00 
 6.01823078e-06  3.30000000e+00 
 6.02823078e-06  3.30000000e+00 
 6.03823078e-06  3.30000000e+00 
 6.04823078e-06  3.30000000e+00 
 6.05823078e-06  3.30000000e+00 
 6.06823078e-06  3.30000000e+00 
 6.07823078e-06  3.30000000e+00 
 6.08823078e-06  3.30000000e+00 
 6.09823078e-06  3.30000000e+00 
 6.10823078e-06  3.30000000e+00 
 6.11823078e-06  3.30000000e+00 
 6.12823078e-06  3.30000000e+00 
 6.13823078e-06  3.30000000e+00 
 6.14823078e-06  3.30000000e+00 
 6.15823078e-06  3.30000000e+00 
 6.16823078e-06  3.30000000e+00 
 6.17823078e-06  3.30000000e+00 
 6.18823078e-06  3.30000000e+00 
 6.19823078e-06  3.30000000e+00 
 6.20823078e-06  3.30000000e+00 
 6.21823078e-06  3.30000000e+00 
 6.22823078e-06  3.30000000e+00 
 6.23823078e-06  3.30000000e+00 
 6.24823078e-06  3.30000000e+00 
 6.25823078e-06  3.30000000e+00 
 6.26823078e-06  3.30000000e+00 
 6.27823078e-06  3.30000000e+00 
 6.28823078e-06  3.30000000e+00 
 6.29823078e-06  3.30000000e+00 
 6.30823078e-06  3.30000000e+00 
 6.31823078e-06  3.30000000e+00 
 6.32823078e-06  3.30000000e+00 
 6.33823078e-06  3.30000000e+00 
 6.34823078e-06  3.30000000e+00 
 6.35823078e-06  3.30000000e+00 
 6.36823078e-06  3.30000000e+00 
 6.37823078e-06  3.30000000e+00 
 6.38823078e-06  3.30000000e+00 
 6.39823078e-06  3.30000000e+00 
 6.40823078e-06  3.30000000e+00 
 6.41823078e-06  3.30000000e+00 
 6.42823078e-06  3.30000000e+00 
 6.43823078e-06  3.30000000e+00 
 6.44823078e-06  3.30000000e+00 
 6.45823078e-06  3.30000000e+00 
 6.46823078e-06  3.30000000e+00 
 6.47823078e-06  3.30000000e+00 
 6.48823078e-06  3.30000000e+00 
 6.49823078e-06  3.30000000e+00 
 6.50823078e-06  3.30000000e+00 
 6.51823078e-06  3.30000000e+00 
 6.52823078e-06  3.30000000e+00 
 6.53823078e-06  3.30000000e+00 
 6.54823078e-06  3.30000000e+00 
 6.55823078e-06  3.30000000e+00 
 6.56823078e-06  3.30000000e+00 
 6.57823078e-06  3.30000000e+00 
 6.58823078e-06  3.30000000e+00 
 6.59823078e-06  3.30000000e+00 
 6.60823078e-06  3.30000000e+00 
 6.61823078e-06  3.30000000e+00 
 6.62823078e-06  3.30000000e+00 
 6.63823078e-06  3.30000000e+00 
 6.64823078e-06  3.30000000e+00 
 6.65823078e-06  3.30000000e+00 
 6.66823078e-06  3.30000000e+00 
 6.67823078e-06  3.30000000e+00 
 6.68823078e-06  3.30000000e+00 
 6.69823078e-06  3.30000000e+00 
 6.70823078e-06  3.30000000e+00 
 6.71823078e-06  3.30000000e+00 
 6.72823078e-06  3.30000000e+00 
 6.73823078e-06  3.30000000e+00 
 6.74823078e-06  3.30000000e+00 
 6.75823078e-06  3.30000000e+00 
 6.76823078e-06  3.30000000e+00 
 6.77823078e-06  3.30000000e+00 
 6.78823078e-06  3.30000000e+00 
 6.79823078e-06  3.30000000e+00 
 6.80823078e-06  3.30000000e+00 
 6.81823078e-06  3.30000000e+00 
 6.82823078e-06  3.30000000e+00 
 6.83823078e-06  3.30000000e+00 
 6.84823078e-06  3.30000000e+00 
 6.85823078e-06  3.30000000e+00 
 6.86823078e-06  3.30000000e+00 
 6.87823078e-06  3.30000000e+00 
 6.88823078e-06  3.30000000e+00 
 6.89823078e-06  3.30000000e+00 
 6.90823078e-06  3.30000000e+00 
 6.91823078e-06  3.30000000e+00 
 6.92823078e-06  3.30000000e+00 
 6.93823078e-06  3.30000000e+00 
 6.94823078e-06  3.30000000e+00 
 6.95823078e-06  3.30000000e+00 
 6.96823078e-06  3.30000000e+00 
 6.97823078e-06  3.30000000e+00 
 6.98823078e-06  3.30000000e+00 
 6.99823078e-06  3.30000000e+00 
 7.00823078e-06  3.30000000e+00 
 7.01823078e-06  3.30000000e+00 
 7.02823078e-06  3.30000000e+00 
 7.03823078e-06  3.30000000e+00 
 7.04823078e-06  3.30000000e+00 
 7.05823078e-06  3.30000000e+00 
 7.06823078e-06  3.30000000e+00 
 7.07823078e-06  3.30000000e+00 
 7.08823078e-06  3.30000000e+00 
 7.09823078e-06  3.30000000e+00 
 7.10823078e-06  3.30000000e+00 
 7.11823078e-06  3.30000000e+00 
 7.12823078e-06  3.30000000e+00 
 7.13823078e-06  3.30000000e+00 
 7.14823078e-06  3.30000000e+00 
 7.15823078e-06  3.30000000e+00 
 7.16823078e-06  3.30000000e+00 
 7.17823078e-06  3.30000000e+00 
 7.18823078e-06  3.30000000e+00 
 7.19823078e-06  3.30000000e+00 
 7.20823078e-06  3.30000000e+00 
 7.21823078e-06  3.30000000e+00 
 7.22823078e-06  3.30000000e+00 
 7.23823078e-06  3.30000000e+00 
 7.24823078e-06  3.30000000e+00 
 7.25823078e-06  3.30000000e+00 
 7.26823078e-06  3.30000000e+00 
 7.27823078e-06  3.30000000e+00 
 7.28823078e-06  3.30000000e+00 
 7.29823078e-06  3.30000000e+00 
 7.30823078e-06  3.30000000e+00 
 7.31823078e-06  3.30000000e+00 
 7.32823078e-06  3.30000000e+00 
 7.33823078e-06  3.30000000e+00 
 7.34823078e-06  3.30000000e+00 
 7.35823078e-06  3.30000000e+00 
 7.36823078e-06  3.30000000e+00 
 7.37823078e-06  3.30000000e+00 
 7.38823078e-06  3.30000000e+00 
 7.39823078e-06  3.30000000e+00 
 7.40823078e-06  3.30000000e+00 
 7.41823078e-06  3.30000000e+00 
 7.42823078e-06  3.30000000e+00 
 7.43823078e-06  3.30000000e+00 
 7.44823078e-06  3.30000000e+00 
 7.45823078e-06  3.30000000e+00 
 7.46823078e-06  3.30000000e+00 
 7.47823078e-06  3.30000000e+00 
 7.48823078e-06  3.30000000e+00 
 7.49823078e-06  3.30000000e+00 
 7.50823078e-06  3.30000000e+00 
 7.51823078e-06  3.30000000e+00 
 7.52823078e-06  3.30000000e+00 
 7.53823078e-06  3.30000000e+00 
 7.54823078e-06  3.30000000e+00 
 7.55823078e-06  3.30000000e+00 
 7.56823078e-06  3.30000000e+00 
 7.57823078e-06  3.30000000e+00 
 7.58823078e-06  3.30000000e+00 
 7.59823078e-06  3.30000000e+00 
 7.60823078e-06  3.30000000e+00 
 7.61823078e-06  3.30000000e+00 
 7.62823078e-06  3.30000000e+00 
 7.63823078e-06  3.30000000e+00 
 7.64823078e-06  3.30000000e+00 
 7.65823078e-06  3.30000000e+00 
 7.66823078e-06  3.30000000e+00 
 7.67823078e-06  3.30000000e+00 
 7.68823078e-06  3.30000000e+00 
 7.69823078e-06  3.30000000e+00 
 7.70823078e-06  3.30000000e+00 
 7.71823078e-06  3.30000000e+00 
 7.72823078e-06  3.30000000e+00 
 7.73823078e-06  3.30000000e+00 
 7.74823078e-06  3.30000000e+00 
 7.75823078e-06  3.30000000e+00 
 7.76823078e-06  3.30000000e+00 
 7.77823078e-06  3.30000000e+00 
 7.78823078e-06  3.30000000e+00 
 7.79823078e-06  3.30000000e+00 
 7.80823078e-06  3.30000000e+00 
 7.81823078e-06  3.30000000e+00 
 7.82823078e-06  3.30000000e+00 
 7.83823078e-06  3.30000000e+00 
 7.84823078e-06  3.30000000e+00 
 7.85823078e-06  3.30000000e+00 
 7.86823078e-06  3.30000000e+00 
 7.87823078e-06  3.30000000e+00 
 7.88823078e-06  3.30000000e+00 
 7.89823078e-06  3.30000000e+00 
 7.90823078e-06  3.30000000e+00 
 7.91823078e-06  3.30000000e+00 
 7.92823078e-06  3.30000000e+00 
 7.93823078e-06  3.30000000e+00 
 7.94823078e-06  3.30000000e+00 
 7.95823078e-06  3.30000000e+00 
 7.96823078e-06  3.30000000e+00 
 7.97823078e-06  3.30000000e+00 
 7.98823078e-06  3.30000000e+00 
 7.99823078e-06  3.30000000e+00 
 8.00823078e-06  3.30000000e+00 
 8.01823078e-06  3.30000000e+00 
 8.02823078e-06  3.30000000e+00 
 8.03823078e-06  3.30000000e+00 
 8.04823078e-06  3.30000000e+00 
 8.05823078e-06  3.30000000e+00 
 8.06823078e-06  3.30000000e+00 
 8.07823078e-06  3.30000000e+00 
 8.08823078e-06  3.30000000e+00 
 8.09823078e-06  3.30000000e+00 
 8.10823078e-06  3.30000000e+00 
 8.11823078e-06  3.30000000e+00 
 8.12823078e-06  3.30000000e+00 
 8.13823078e-06  3.30000000e+00 
 8.14823078e-06  3.30000000e+00 
 8.15823078e-06  3.30000000e+00 
 8.16823078e-06  3.30000000e+00 
 8.17823078e-06  3.30000000e+00 
 8.18823078e-06  3.30000000e+00 
 8.19823078e-06  3.30000000e+00 
 8.20823078e-06  3.30000000e+00 
 8.21823078e-06  3.30000000e+00 
 8.22823078e-06  3.30000000e+00 
 8.23823078e-06  3.30000000e+00 
 8.24823078e-06  3.30000000e+00 
 8.25823078e-06  3.30000000e+00 
 8.26823078e-06  3.30000000e+00 
 8.27823078e-06  3.30000000e+00 
 8.28823078e-06  3.30000000e+00 
 8.29823078e-06  3.30000000e+00 
 8.30823078e-06  3.30000000e+00 
 8.31823078e-06  3.30000000e+00 
 8.32823078e-06  3.30000000e+00 
 8.33823078e-06  3.30000000e+00 
 8.34823078e-06  3.30000000e+00 
 8.35823078e-06  3.30000000e+00 
 8.36823078e-06  3.30000000e+00 
 8.37823078e-06  3.30000000e+00 
 8.38823078e-06  3.30000000e+00 
 8.39823078e-06  3.30000000e+00 
 8.40823078e-06  3.30000000e+00 
 8.41823078e-06  3.30000000e+00 
 8.42823078e-06  3.30000000e+00 
 8.43823078e-06  3.30000000e+00 
 8.44823078e-06  3.30000000e+00 
 8.45823078e-06  3.30000000e+00 
 8.46823078e-06  3.30000000e+00 
 8.47823078e-06  3.30000000e+00 
 8.48823078e-06  3.30000000e+00 
 8.49823078e-06  3.30000000e+00 
 8.50823078e-06  3.30000000e+00 
 8.51823078e-06  3.30000000e+00 
 8.52823078e-06  3.30000000e+00 
 8.53823078e-06  3.30000000e+00 
 8.54823078e-06  3.30000000e+00 
 8.55823078e-06  3.30000000e+00 
 8.56823078e-06  3.30000000e+00 
 8.57823078e-06  3.30000000e+00 
 8.58823078e-06  3.30000000e+00 
 8.59823078e-06  3.30000000e+00 
 8.60823078e-06  3.30000000e+00 
 8.61823078e-06  3.30000000e+00 
 8.62823078e-06  3.30000000e+00 
 8.63823078e-06  3.30000000e+00 
 8.64823078e-06  3.30000000e+00 
 8.65823078e-06  3.30000000e+00 
 8.66823078e-06  3.30000000e+00 
 8.67823078e-06  3.30000000e+00 
 8.68823078e-06  3.30000000e+00 
 8.69823078e-06  3.30000000e+00 
 8.70823078e-06  3.30000000e+00 
 8.71823078e-06  3.30000000e+00 
 8.72823078e-06  3.30000000e+00 
 8.73823078e-06  3.30000000e+00 
 8.74823078e-06  3.30000000e+00 
 8.75823078e-06  3.30000000e+00 
 8.76823078e-06  3.30000000e+00 
 8.77823078e-06  3.30000000e+00 
 8.78823078e-06  3.30000000e+00 
 8.79823078e-06  3.30000000e+00 
 8.80823078e-06  3.30000000e+00 
 8.81823078e-06  3.30000000e+00 
 8.82823078e-06  3.30000000e+00 
 8.83823078e-06  3.30000000e+00 
 8.84823078e-06  3.30000000e+00 
 8.85823078e-06  3.30000000e+00 
 8.86823078e-06  3.30000000e+00 
 8.87823078e-06  3.30000000e+00 
 8.88823078e-06  3.30000000e+00 
 8.89823078e-06  3.30000000e+00 
 8.90823078e-06  3.30000000e+00 
 8.91823078e-06  3.30000000e+00 
 8.92823078e-06  3.30000000e+00 
 8.93823078e-06  3.30000000e+00 
 8.94823078e-06  3.30000000e+00 
 8.95823078e-06  3.30000000e+00 
 8.96823078e-06  3.30000000e+00 
 8.97823078e-06  3.30000000e+00 
 8.98823078e-06  3.30000000e+00 
 8.99823078e-06  3.30000000e+00 
 9.00823078e-06  3.30000000e+00 
 9.01823078e-06  3.30000000e+00 
 9.02823078e-06  3.30000000e+00 
 9.03823078e-06  3.30000000e+00 
 9.04823078e-06  3.30000000e+00 
 9.05823078e-06  3.30000000e+00 
 9.06823078e-06  3.30000000e+00 
 9.07823078e-06  3.30000000e+00 
 9.08823078e-06  3.30000000e+00 
 9.09823078e-06  3.30000000e+00 
 9.10823078e-06  3.30000000e+00 
 9.11823078e-06  3.30000000e+00 
 9.12823078e-06  3.30000000e+00 
 9.13823078e-06  3.30000000e+00 
 9.14823078e-06  3.30000000e+00 
 9.15823078e-06  3.30000000e+00 
 9.16823078e-06  3.30000000e+00 
 9.17823078e-06  3.30000000e+00 
 9.18823078e-06  3.30000000e+00 
 9.19823078e-06  3.30000000e+00 
 9.20823078e-06  3.30000000e+00 
 9.21823078e-06  3.30000000e+00 
 9.22823078e-06  3.30000000e+00 
 9.23823078e-06  3.30000000e+00 
 9.24823078e-06  3.30000000e+00 
 9.25823078e-06  3.30000000e+00 
 9.26823078e-06  3.30000000e+00 
 9.27823078e-06  3.30000000e+00 
 9.28823078e-06  3.30000000e+00 
 9.29823078e-06  3.30000000e+00 
 9.30823078e-06  3.30000000e+00 
 9.31823078e-06  3.30000000e+00 
 9.32823078e-06  3.30000000e+00 
 9.33823078e-06  3.30000000e+00 
 9.34823078e-06  3.30000000e+00 
 9.35823078e-06  3.30000000e+00 
 9.36823078e-06  3.30000000e+00 
 9.37823078e-06  3.30000000e+00 
 9.38823078e-06  3.30000000e+00 
 9.39823078e-06  3.30000000e+00 
 9.40823078e-06  3.30000000e+00 
 9.41823078e-06  3.30000000e+00 
 9.42823078e-06  3.30000000e+00 
 9.43823078e-06  3.30000000e+00 
 9.44823078e-06  3.30000000e+00 
 9.45823078e-06  3.30000000e+00 
 9.46823078e-06  3.30000000e+00 
 9.47823078e-06  3.30000000e+00 
 9.48823078e-06  3.30000000e+00 
 9.49823078e-06  3.30000000e+00 
 9.50823078e-06  3.30000000e+00 
 9.51823078e-06  3.30000000e+00 
 9.52823078e-06  3.30000000e+00 
 9.53823078e-06  3.30000000e+00 
 9.54823078e-06  3.30000000e+00 
 9.55823078e-06  3.30000000e+00 
 9.56823078e-06  3.30000000e+00 
 9.57823078e-06  3.30000000e+00 
 9.58823078e-06  3.30000000e+00 
 9.59823078e-06  3.30000000e+00 
 9.60823078e-06  3.30000000e+00 
 9.61823078e-06  3.30000000e+00 
 9.62823078e-06  3.30000000e+00 
 9.63823078e-06  3.30000000e+00 
 9.64823078e-06  3.30000000e+00 
 9.65823078e-06  3.30000000e+00 
 9.66823078e-06  3.30000000e+00 
 9.67823078e-06  3.30000000e+00 
 9.68823078e-06  3.30000000e+00 
 9.69823078e-06  3.30000000e+00 
 9.70823078e-06  3.30000000e+00 
 9.71823078e-06  3.30000000e+00 
 9.72823078e-06  3.30000000e+00 
 9.73823078e-06  3.30000000e+00 
 9.74823078e-06  3.30000000e+00 
 9.75823078e-06  3.30000000e+00 
 9.76823078e-06  3.30000000e+00 
 9.77823078e-06  3.30000000e+00 
 9.78823078e-06  3.30000000e+00 
 9.79823078e-06  3.30000000e+00 
 9.80823078e-06  3.30000000e+00 
 9.81823078e-06  3.30000000e+00 
 9.82823078e-06  3.30000000e+00 
 9.83823078e-06  3.30000000e+00 
 9.84823078e-06  3.30000000e+00 
 9.85823078e-06  3.30000000e+00 
 9.86823078e-06  3.30000000e+00 
 9.87823078e-06  3.30000000e+00 
 9.88823078e-06  3.30000000e+00 
 9.89823078e-06  3.30000000e+00 
 9.90823078e-06  3.30000000e+00 
 9.91823078e-06  3.30000000e+00 
 9.92823078e-06  3.30000000e+00 
 9.93823078e-06  3.30000000e+00 
 9.94823078e-06  3.30000000e+00 
 9.95823078e-06  3.30000000e+00 
 9.96823078e-06  3.30000000e+00 
 9.97823078e-06  3.30000000e+00 
 9.98823078e-06  3.30000000e+00 
 9.99823078e-06  3.30000000e+00 
 1.00082308e-05  3.30000000e+00 
 1.00182308e-05  3.30000000e+00 
 1.00282308e-05  3.30000000e+00 
 1.00382308e-05  3.30000000e+00 
 1.00482308e-05  3.30000000e+00 
 1.00582308e-05  3.30000000e+00 
 1.00682308e-05  3.30000000e+00 
 1.00782308e-05  3.30000000e+00 
 1.00882308e-05  3.30000000e+00 
 1.00982308e-05  3.30000000e+00 
 1.01082308e-05  3.30000000e+00 
 1.01182308e-05  3.30000000e+00 
 1.01282308e-05  3.30000000e+00 
 1.01382308e-05  3.30000000e+00 
 1.01482308e-05  3.30000000e+00 
 1.01582308e-05  3.30000000e+00 
 1.01682308e-05  3.30000000e+00 
 1.01782308e-05  3.30000000e+00 
 1.01882308e-05  3.30000000e+00 
 1.01982308e-05  3.30000000e+00 
 1.02082308e-05  3.30000000e+00 
 1.02182308e-05  3.30000000e+00 
 1.02282308e-05  3.30000000e+00 
 1.02382308e-05  3.30000000e+00 
 1.02482308e-05  3.30000000e+00 
 1.02582308e-05  3.30000000e+00 
 1.02682308e-05  3.30000000e+00 
 1.02782308e-05  3.30000000e+00 
 1.02882308e-05  3.30000000e+00 
 1.02982308e-05  3.30000000e+00 
 1.03082308e-05  3.30000000e+00 
 1.03182308e-05  3.30000000e+00 
 1.03282308e-05  3.30000000e+00 
 1.03382308e-05  3.30000000e+00 
 1.03482308e-05  3.30000000e+00 
 1.03582308e-05  3.30000000e+00 
 1.03682308e-05  3.30000000e+00 
 1.03782308e-05  3.30000000e+00 
 1.03882308e-05  3.30000000e+00 
 1.03982308e-05  3.30000000e+00 
 1.04082308e-05  3.30000000e+00 
 1.04182308e-05  3.30000000e+00 
 1.04282308e-05  3.30000000e+00 
 1.04382308e-05  3.30000000e+00 
 1.04482308e-05  3.30000000e+00 
 1.04582308e-05  3.30000000e+00 
 1.04682308e-05  3.30000000e+00 
 1.04782308e-05  3.30000000e+00 
 1.04882308e-05  3.30000000e+00 
 1.04982308e-05  3.30000000e+00 
 1.05082308e-05  3.30000000e+00 
 1.05182308e-05  3.30000000e+00 
 1.05282308e-05  3.30000000e+00 
 1.05382308e-05  3.30000000e+00 
 1.05482308e-05  3.30000000e+00 
 1.05582308e-05  3.30000000e+00 
 1.05682308e-05  3.30000000e+00 
 1.05782308e-05  3.30000000e+00 
 1.05882308e-05  3.30000000e+00 
 1.05982308e-05  3.30000000e+00 
 1.06082308e-05  3.30000000e+00 
 1.06182308e-05  3.30000000e+00 
 1.06282308e-05  3.30000000e+00 
 1.06382308e-05  3.30000000e+00 
 1.06482308e-05  3.30000000e+00 
 1.06582308e-05  3.30000000e+00 
 1.06682308e-05  3.30000000e+00 
 1.06782308e-05  3.30000000e+00 
 1.06882308e-05  3.30000000e+00 
 1.06982308e-05  3.30000000e+00 
 1.07082308e-05  3.30000000e+00 
 1.07182308e-05  3.30000000e+00 
 1.07282308e-05  3.30000000e+00 
 1.07382308e-05  3.30000000e+00 
 1.07482308e-05  3.30000000e+00 
 1.07582308e-05  3.30000000e+00 
 1.07682308e-05  3.30000000e+00 
 1.07782308e-05  3.30000000e+00 
 1.07882308e-05  3.30000000e+00 
 1.07982308e-05  3.30000000e+00 
 1.08082308e-05  3.30000000e+00 
 1.08182308e-05  3.30000000e+00 
 1.08282308e-05  3.30000000e+00 
 1.08382308e-05  3.30000000e+00 
 1.08482308e-05  3.30000000e+00 
 1.08582308e-05  3.30000000e+00 
 1.08682308e-05  3.30000000e+00 
 1.08782308e-05  3.30000000e+00 
 1.08882308e-05  3.30000000e+00 
 1.08982308e-05  3.30000000e+00 
 1.09082308e-05  3.30000000e+00 
 1.09182308e-05  3.30000000e+00 
 1.09282308e-05  3.30000000e+00 
 1.09382308e-05  3.30000000e+00 
 1.09482308e-05  3.30000000e+00 
 1.09582308e-05  3.30000000e+00 
 1.09682308e-05  3.30000000e+00 
 1.09782308e-05  3.30000000e+00 
 1.09882308e-05  3.30000000e+00 
 1.09982308e-05  3.30000000e+00 
 1.10082308e-05  3.30000000e+00 
 1.10182308e-05  3.30000000e+00 
 1.10282308e-05  3.30000000e+00 
 1.10382308e-05  3.30000000e+00 
 1.10482308e-05  3.30000000e+00 
 1.10582308e-05  3.30000000e+00 
 1.10682308e-05  3.30000000e+00 
 1.10782308e-05  3.30000000e+00 
 1.10882308e-05  3.30000000e+00 
 1.10982308e-05  3.30000000e+00 
 1.11082308e-05  3.30000000e+00 
 1.11182308e-05  3.30000000e+00 
 1.11282308e-05  3.30000000e+00 
 1.11382308e-05  3.30000000e+00 
 1.11482308e-05  3.30000000e+00 
 1.11582308e-05  3.30000000e+00 
 1.11682308e-05  3.30000000e+00 
 1.11782308e-05  3.30000000e+00 
 1.11882308e-05  3.30000000e+00 
 1.11982308e-05  3.30000000e+00 
 1.12082308e-05  3.30000000e+00 
 1.12182308e-05  3.30000000e+00 
 1.12282308e-05  3.30000000e+00 
 1.12382308e-05  3.30000000e+00 
 1.12482308e-05  3.30000000e+00 
 1.12582308e-05  3.30000000e+00 
 1.12682308e-05  3.30000000e+00 
 1.12782308e-05  3.30000000e+00 
 1.12882308e-05  3.30000000e+00 
 1.12982308e-05  3.30000000e+00 
 1.13082308e-05  3.30000000e+00 
 1.13182308e-05  3.30000000e+00 
 1.13282308e-05  3.30000000e+00 
 1.13382308e-05  3.30000000e+00 
 1.13482308e-05  3.30000000e+00 
 1.13582308e-05  3.30000000e+00 
 1.13682308e-05  3.30000000e+00 
 1.13782308e-05  3.30000000e+00 
 1.13882308e-05  3.30000000e+00 
 1.13982308e-05  3.30000000e+00 
 1.14082308e-05  3.30000000e+00 
 1.14182308e-05  3.30000000e+00 
 1.14282308e-05  3.30000000e+00 
 1.14382308e-05  3.30000000e+00 
 1.14482308e-05  3.30000000e+00 
 1.14582308e-05  3.30000000e+00 
 1.14682308e-05  3.30000000e+00 
 1.14782308e-05  3.30000000e+00 
 1.14882308e-05  3.30000000e+00 
 1.14982308e-05  3.30000000e+00 
 1.15082308e-05  3.30000000e+00 
 1.15182308e-05  3.30000000e+00 
 1.15282308e-05  3.30000000e+00 
 1.15382308e-05  3.30000000e+00 
 1.15482308e-05  3.30000000e+00 
 1.15582308e-05  3.30000000e+00 
 1.15682308e-05  3.30000000e+00 
 1.15782308e-05  3.30000000e+00 
 1.15882308e-05  3.30000000e+00 
 1.15982308e-05  3.30000000e+00 
 1.16082308e-05  3.30000000e+00 
 1.16182308e-05  3.30000000e+00 
 1.16282308e-05  3.30000000e+00 
 1.16382308e-05  3.30000000e+00 
 1.16482308e-05  3.30000000e+00 
 1.16582308e-05  3.30000000e+00 
 1.16682308e-05  3.30000000e+00 
 1.16782308e-05  3.30000000e+00 
 1.16882308e-05  3.30000000e+00 
 1.16982308e-05  3.30000000e+00 
 1.17082308e-05  3.30000000e+00 
 1.17182308e-05  3.30000000e+00 
 1.17282308e-05  3.30000000e+00 
 1.17382308e-05  3.30000000e+00 
 1.17482308e-05  3.30000000e+00 
 1.17582308e-05  3.30000000e+00 
 1.17682308e-05  3.30000000e+00 
 1.17782308e-05  3.30000000e+00 
 1.17882308e-05  3.30000000e+00 
 1.17982308e-05  3.30000000e+00 
 1.18082308e-05  3.30000000e+00 
 1.18182308e-05  3.30000000e+00 
 1.18282308e-05  3.30000000e+00 
 1.18382308e-05  3.30000000e+00 
 1.18482308e-05  3.30000000e+00 
 1.18582308e-05  3.30000000e+00 
 1.18682308e-05  3.30000000e+00 
 1.18782308e-05  3.30000000e+00 
 1.18882308e-05  3.30000000e+00 
 1.18982308e-05  3.30000000e+00 
 1.19082308e-05  3.30000000e+00 
 1.19182308e-05  3.30000000e+00 
 1.19282308e-05  3.30000000e+00 
 1.19382308e-05  3.30000000e+00 
 1.19482308e-05  3.30000000e+00 
 1.19582308e-05  3.30000000e+00 
 1.19682308e-05  3.30000000e+00 
 1.19782308e-05  3.30000000e+00 
 1.19882308e-05  3.30000000e+00 
 1.19982308e-05  3.30000000e+00 
 1.20082308e-05  3.30000000e+00 
 1.20182308e-05  3.30000000e+00 
 1.20282308e-05  3.30000000e+00 
 1.20382308e-05  3.30000000e+00 
 1.20482308e-05  3.30000000e+00 
 1.20582308e-05  3.30000000e+00 
 1.20682308e-05  3.30000000e+00 
 1.20782308e-05  3.30000000e+00 
 1.20882308e-05  3.30000000e+00 
 1.20982308e-05  3.30000000e+00 
 1.21082308e-05  3.30000000e+00 
 1.21182308e-05  3.30000000e+00 
 1.21282308e-05  3.30000000e+00 
 1.21382308e-05  3.30000000e+00 
 1.21482308e-05  3.30000000e+00 
 1.21582308e-05  3.30000000e+00 
 1.21682308e-05  3.30000000e+00 
 1.21782308e-05  3.30000000e+00 
 1.21882308e-05  3.30000000e+00 
 1.21982308e-05  3.30000000e+00 
 1.22082308e-05  3.30000000e+00 
 1.22182308e-05  3.30000000e+00 
 1.22282308e-05  3.30000000e+00 
 1.22382308e-05  3.30000000e+00 
 1.22482308e-05  3.30000000e+00 
 1.22582308e-05  3.30000000e+00 
 1.22682308e-05  3.30000000e+00 
 1.22782308e-05  3.30000000e+00 
 1.22882308e-05  3.30000000e+00 
 1.22982308e-05  3.30000000e+00 
 1.23082308e-05  3.30000000e+00 
 1.23182308e-05  3.30000000e+00 
 1.23282308e-05  3.30000000e+00 
 1.23382308e-05  3.30000000e+00 
 1.23482308e-05  3.30000000e+00 
 1.23582308e-05  3.30000000e+00 
 1.23682308e-05  3.30000000e+00 
 1.23782308e-05  3.30000000e+00 
 1.23882308e-05  3.30000000e+00 
 1.23982308e-05  3.30000000e+00 
 1.24082308e-05  3.30000000e+00 
 1.24182308e-05  3.30000000e+00 
 1.24282308e-05  3.30000000e+00 
 1.24382308e-05  3.30000000e+00 
 1.24482308e-05  3.30000000e+00 
 1.24582308e-05  3.30000000e+00 
 1.24682308e-05  3.30000000e+00 
 1.24782308e-05  3.30000000e+00 
 1.24882308e-05  3.30000000e+00 
 1.24982308e-05  3.30000000e+00 
 1.25082308e-05  3.30000000e+00 
 1.25182308e-05  3.30000000e+00 
 1.25282308e-05  3.30000000e+00 
 1.25382308e-05  3.30000000e+00 
 1.25482308e-05  3.30000000e+00 
 1.25582308e-05  3.30000000e+00 
 1.25682308e-05  3.30000000e+00 
 1.25782308e-05  3.30000000e+00 
 1.25882308e-05  3.30000000e+00 
 1.25982308e-05  3.30000000e+00 
 1.26082308e-05  3.30000000e+00 
 1.26182308e-05  3.30000000e+00 
 1.26282308e-05  3.30000000e+00 
 1.26382308e-05  3.30000000e+00 
 1.26482308e-05  3.30000000e+00 
 1.26582308e-05  3.30000000e+00 
 1.26682308e-05  3.30000000e+00 
 1.26782308e-05  3.30000000e+00 
 1.26882308e-05  3.30000000e+00 
 1.26982308e-05  3.30000000e+00 
 1.27082308e-05  3.30000000e+00 
 1.27182308e-05  3.30000000e+00 
 1.27282308e-05  3.30000000e+00 
 1.27382308e-05  3.30000000e+00 
 1.27482308e-05  3.30000000e+00 
 1.27582308e-05  3.30000000e+00 
 1.27682308e-05  3.30000000e+00 
 1.27782308e-05  3.30000000e+00 
 1.27882308e-05  3.30000000e+00 
 1.27982308e-05  3.30000000e+00 
 1.28082308e-05  3.30000000e+00 
 1.28182308e-05  3.30000000e+00 
 1.28282308e-05  3.30000000e+00 
 1.28382308e-05  3.30000000e+00 
 1.28482308e-05  3.30000000e+00 
 1.28582308e-05  3.30000000e+00 
 1.28682308e-05  3.30000000e+00 
 1.28782308e-05  3.30000000e+00 
 1.28882308e-05  3.30000000e+00 
 1.28982308e-05  3.30000000e+00 
 1.29082308e-05  3.30000000e+00 
 1.29182308e-05  3.30000000e+00 
 1.29282308e-05  3.30000000e+00 
 1.29382308e-05  3.30000000e+00 
 1.29482308e-05  3.30000000e+00 
 1.29582308e-05  3.30000000e+00 
 1.29682308e-05  3.30000000e+00 
 1.29782308e-05  3.30000000e+00 
 1.29882308e-05  3.30000000e+00 
 1.29982308e-05  3.30000000e+00 
 1.30082308e-05  3.30000000e+00 
 1.30182308e-05  3.30000000e+00 
 1.30282308e-05  3.30000000e+00 
 1.30382308e-05  3.30000000e+00 
 1.30482308e-05  3.30000000e+00 
 1.30582308e-05  3.30000000e+00 
 1.30682308e-05  3.30000000e+00 
 1.30782308e-05  3.30000000e+00 
 1.30882308e-05  3.30000000e+00 
 1.30982308e-05  3.30000000e+00 
 1.31082308e-05  3.30000000e+00 
 1.31182308e-05  3.30000000e+00 
 1.31282308e-05  3.30000000e+00 
 1.31382308e-05  3.30000000e+00 
 1.31482308e-05  3.30000000e+00 
 1.31582308e-05  3.30000000e+00 
 1.31682308e-05  3.30000000e+00 
 1.31782308e-05  3.30000000e+00 
 1.31882308e-05  3.30000000e+00 
 1.31982308e-05  3.30000000e+00 
 1.32082308e-05  3.30000000e+00 
 1.32182308e-05  3.30000000e+00 
 1.32282308e-05  3.30000000e+00 
 1.32382308e-05  3.30000000e+00 
 1.32482308e-05  3.30000000e+00 
 1.32582308e-05  3.30000000e+00 
 1.32682308e-05  3.30000000e+00 
 1.32782308e-05  3.30000000e+00 
 1.32882308e-05  3.30000000e+00 
 1.32982308e-05  3.30000000e+00 
 1.33082308e-05  3.30000000e+00 
 1.33182308e-05  3.30000000e+00 
 1.33282308e-05  3.30000000e+00 
 1.33382308e-05  3.30000000e+00 
 1.33482308e-05  3.30000000e+00 
 1.33582308e-05  3.30000000e+00 
 1.33682308e-05  3.30000000e+00 
 1.33782308e-05  3.30000000e+00 
 1.33882308e-05  3.30000000e+00 
 1.33982308e-05  3.30000000e+00 
 1.34082308e-05  3.30000000e+00 
 1.34182308e-05  3.30000000e+00 
 1.34282308e-05  3.30000000e+00 
 1.34382308e-05  3.30000000e+00 
 1.34482308e-05  3.30000000e+00 
 1.34582308e-05  3.30000000e+00 
 1.34682308e-05  3.30000000e+00 
 1.34782308e-05  3.30000000e+00 
 1.34882308e-05  3.30000000e+00 
 1.34982308e-05  3.30000000e+00 
 1.35082308e-05  3.30000000e+00 
 1.35182308e-05  3.30000000e+00 
 1.35282308e-05  3.30000000e+00 
 1.35382308e-05  3.30000000e+00 
 1.35482308e-05  3.30000000e+00 
 1.35582308e-05  3.30000000e+00 
 1.35682308e-05  3.30000000e+00 
 1.35782308e-05  3.30000000e+00 
 1.35882308e-05  3.30000000e+00 
 1.35982308e-05  3.30000000e+00 
 1.36082308e-05  3.30000000e+00 
 1.36182308e-05  3.30000000e+00 
 1.36282308e-05  3.30000000e+00 
 1.36382308e-05  3.30000000e+00 
 1.36482308e-05  3.30000000e+00 
 1.36582308e-05  3.30000000e+00 
 1.36682308e-05  3.30000000e+00 
 1.36782308e-05  3.30000000e+00 
 1.36882308e-05  3.30000000e+00 
 1.36982308e-05  3.30000000e+00 
 1.37082308e-05  3.30000000e+00 
 1.37182308e-05  3.30000000e+00 
 1.37282308e-05  3.30000000e+00 
 1.37382308e-05  3.30000000e+00 
 1.37482308e-05  3.30000000e+00 
 1.37582308e-05  3.30000000e+00 
 1.37682308e-05  3.30000000e+00 
 1.37782308e-05  3.30000000e+00 
 1.37882308e-05  3.30000000e+00 
 1.37982308e-05  3.30000000e+00 
 1.38082308e-05  3.30000000e+00 
 1.38182308e-05  3.30000000e+00 
 1.38282308e-05  3.30000000e+00 
 1.38382308e-05  3.30000000e+00 
 1.38482308e-05  3.30000000e+00 
 1.38582308e-05  3.30000000e+00 
 1.38682308e-05  3.30000000e+00 
 1.38782308e-05  3.30000000e+00 
 1.38882308e-05  3.30000000e+00 
 1.38982308e-05  3.30000000e+00 
 1.39082308e-05  3.30000000e+00 
 1.39182308e-05  3.30000000e+00 
 1.39282308e-05  3.30000000e+00 
 1.39382308e-05  3.30000000e+00 
 1.39482308e-05  3.30000000e+00 
 1.39582308e-05  3.30000000e+00 
 1.39682308e-05  3.30000000e+00 
 1.39782308e-05  3.30000000e+00 
 1.39882308e-05  3.30000000e+00 
 1.39982308e-05  3.30000000e+00 
 1.40082308e-05  3.30000000e+00 
 1.40182308e-05  3.30000000e+00 
 1.40282308e-05  3.30000000e+00 
 1.40382308e-05  3.30000000e+00 
 1.40482308e-05  3.30000000e+00 
 1.40582308e-05  3.30000000e+00 
 1.40682308e-05  3.30000000e+00 
 1.40782308e-05  3.30000000e+00 
 1.40882308e-05  3.30000000e+00 
 1.40982308e-05  3.30000000e+00 
 1.41082308e-05  3.30000000e+00 
 1.41182308e-05  3.30000000e+00 
 1.41282308e-05  3.30000000e+00 
 1.41382308e-05  3.30000000e+00 
 1.41482308e-05  3.30000000e+00 
 1.41582308e-05  3.30000000e+00 
 1.41682308e-05  3.30000000e+00 
 1.41782308e-05  3.30000000e+00 
 1.41882308e-05  3.30000000e+00 
 1.41982308e-05  3.30000000e+00 
 1.42082308e-05  3.30000000e+00 
 1.42182308e-05  3.30000000e+00 
 1.42282308e-05  3.30000000e+00 
 1.42382308e-05  3.30000000e+00 
 1.42482308e-05  3.30000000e+00 
 1.42582308e-05  3.30000000e+00 
 1.42682308e-05  3.30000000e+00 
 1.42782308e-05  3.30000000e+00 
 1.42882308e-05  3.30000000e+00 
 1.42982308e-05  3.30000000e+00 
 1.43082308e-05  3.30000000e+00 
 1.43182308e-05  3.30000000e+00 
 1.43282308e-05  3.30000000e+00 
 1.43382308e-05  3.30000000e+00 
 1.43482308e-05  3.30000000e+00 
 1.43582308e-05  3.30000000e+00 
 1.43682308e-05  3.30000000e+00 
 1.43782308e-05  3.30000000e+00 
 1.43882308e-05  3.30000000e+00 
 1.43982308e-05  3.30000000e+00 
 1.44082308e-05  3.30000000e+00 
 1.44182308e-05  3.30000000e+00 
 1.44282308e-05  3.30000000e+00 
 1.44382308e-05  3.30000000e+00 
 1.44482308e-05  3.30000000e+00 
 1.44582308e-05  3.30000000e+00 
 1.44682308e-05  3.30000000e+00 
 1.44782308e-05  3.30000000e+00 
 1.44882308e-05  3.30000000e+00 
 1.44982308e-05  3.30000000e+00 
 1.45082308e-05  3.30000000e+00 
 1.45182308e-05  3.30000000e+00 
 1.45282308e-05  3.30000000e+00 
 1.45382308e-05  3.30000000e+00 
 1.45482308e-05  3.30000000e+00 
 1.45582308e-05  3.30000000e+00 
 1.45682308e-05  3.30000000e+00 
 1.45782308e-05  3.30000000e+00 
 1.45882308e-05  3.30000000e+00 
 1.45982308e-05  3.30000000e+00 
 1.46082308e-05  3.30000000e+00 
 1.46182308e-05  3.30000000e+00 
 1.46282308e-05  3.30000000e+00 
 1.46382308e-05  3.30000000e+00 
 1.46482308e-05  3.30000000e+00 
 1.46582308e-05  3.30000000e+00 
 1.46682308e-05  3.30000000e+00 
 1.46782308e-05  3.30000000e+00 
 1.46882308e-05  3.30000000e+00 
 1.46982308e-05  3.30000000e+00 
 1.47082308e-05  3.30000000e+00 
 1.47182308e-05  3.30000000e+00 
 1.47282308e-05  3.30000000e+00 
 1.47382308e-05  3.30000000e+00 
 1.47482308e-05  3.30000000e+00 
 1.47582308e-05  3.30000000e+00 
 1.47682308e-05  3.30000000e+00 
 1.47782308e-05  3.30000000e+00 
 1.47882308e-05  3.30000000e+00 
 1.47982308e-05  3.30000000e+00 
 1.48082308e-05  3.30000000e+00 
 1.48182308e-05  3.30000000e+00 
 1.48282308e-05  3.30000000e+00 
 1.48382308e-05  3.30000000e+00 
 1.48482308e-05  3.30000000e+00 
 1.48582308e-05  3.30000000e+00 
 1.48682308e-05  3.30000000e+00 
 1.48782308e-05  3.30000000e+00 
 1.48882308e-05  3.30000000e+00 
 1.48982308e-05  3.30000000e+00 
 1.49082308e-05  3.30000000e+00 
 1.49182308e-05  3.30000000e+00 
 1.49282308e-05  3.30000000e+00 
 1.49382308e-05  3.30000000e+00 
 1.49482308e-05  3.30000000e+00 
 1.49582308e-05  3.30000000e+00 
 1.49682308e-05  3.30000000e+00 
 1.49782308e-05  3.30000000e+00 
 1.49882308e-05  3.30000000e+00 
 1.49982308e-05  3.30000000e+00 
 1.50082308e-05  3.30000000e+00 
 1.50182308e-05  3.30000000e+00 
 1.50282308e-05  3.30000000e+00 
 1.50382308e-05  3.30000000e+00 
 1.50482308e-05  3.30000000e+00 
 1.50582308e-05  3.30000000e+00 
 1.50682308e-05  3.30000000e+00 
 1.50782308e-05  3.30000000e+00 
 1.50882308e-05  3.30000000e+00 
 1.50982308e-05  3.30000000e+00 
 1.51082308e-05  3.30000000e+00 
 1.51182308e-05  3.30000000e+00 
 1.51282308e-05  3.30000000e+00 
 1.51382308e-05  3.30000000e+00 
 1.51482308e-05  3.30000000e+00 
 1.51582308e-05  3.30000000e+00 
 1.51682308e-05  3.30000000e+00 
 1.51782308e-05  3.30000000e+00 
 1.51882308e-05  3.30000000e+00 
 1.51982308e-05  3.30000000e+00 
 1.52082308e-05  3.30000000e+00 
 1.52182308e-05  3.30000000e+00 
 1.52282308e-05  3.30000000e+00 
 1.52382308e-05  3.30000000e+00 
 1.52482308e-05  3.30000000e+00 
 1.52582308e-05  3.30000000e+00 
 1.52682308e-05  3.30000000e+00 
 1.52782308e-05  3.30000000e+00 
 1.52882308e-05  3.30000000e+00 
 1.52982308e-05  3.30000000e+00 
 1.53082308e-05  3.30000000e+00 
 1.53182308e-05  3.30000000e+00 
 1.53282308e-05  3.30000000e+00 
 1.53382308e-05  3.30000000e+00 
 1.53482308e-05  3.30000000e+00 
 1.53582308e-05  3.30000000e+00 
 1.53682308e-05  3.30000000e+00 
 1.53782308e-05  3.30000000e+00 
 1.53882308e-05  3.30000000e+00 
 1.53982308e-05  3.30000000e+00 
 1.54082308e-05  3.30000000e+00 
 1.54182308e-05  3.30000000e+00 
 1.54282308e-05  3.30000000e+00 
 1.54382308e-05  3.30000000e+00 
 1.54482308e-05  3.30000000e+00 
 1.54582308e-05  3.30000000e+00 
 1.54682308e-05  3.30000000e+00 
 1.54782308e-05  3.30000000e+00 
 1.54882308e-05  3.30000000e+00 
 1.54982308e-05  3.30000000e+00 
 1.55082308e-05  3.30000000e+00 
 1.55182308e-05  3.30000000e+00 
 1.55282308e-05  3.30000000e+00 
 1.55382308e-05  3.30000000e+00 
 1.55482308e-05  3.30000000e+00 
 1.55582308e-05  3.30000000e+00 
 1.55682308e-05  3.30000000e+00 
 1.55782308e-05  3.30000000e+00 
 1.55882308e-05  3.30000000e+00 
 1.55982308e-05  3.30000000e+00 
 1.56082308e-05  3.30000000e+00 
 1.56182308e-05  3.30000000e+00 
 1.56282308e-05  3.30000000e+00 
 1.56382308e-05  3.30000000e+00 
 1.56482308e-05  3.30000000e+00 
 1.56582308e-05  3.30000000e+00 
 1.56682308e-05  3.30000000e+00 
 1.56782308e-05  3.30000000e+00 
 1.56882308e-05  3.30000000e+00 
 1.56982308e-05  3.30000000e+00 
 1.57082308e-05  3.30000000e+00 
 1.57182308e-05  3.30000000e+00 
 1.57282308e-05  3.30000000e+00 
 1.57382308e-05  3.30000000e+00 
 1.57482308e-05  3.30000000e+00 
 1.57582308e-05  3.30000000e+00 
 1.57682308e-05  3.30000000e+00 
 1.57782308e-05  3.30000000e+00 
 1.57882308e-05  3.30000000e+00 
 1.57982308e-05  3.30000000e+00 
 1.58082308e-05  3.30000000e+00 
 1.58182308e-05  3.30000000e+00 
 1.58282308e-05  3.30000000e+00 
 1.58382308e-05  3.30000000e+00 
 1.58482308e-05  3.30000000e+00 
 1.58582308e-05  3.30000000e+00 
 1.58682308e-05  3.30000000e+00 
 1.58782308e-05  3.30000000e+00 
 1.58882308e-05  3.30000000e+00 
 1.58982308e-05  3.30000000e+00 
 1.59082308e-05  3.30000000e+00 
 1.59182308e-05  3.30000000e+00 
 1.59282308e-05  3.30000000e+00 
 1.59382308e-05  3.30000000e+00 
 1.59482308e-05  3.30000000e+00 
 1.59582308e-05  3.30000000e+00 
 1.59682308e-05  3.30000000e+00 
 1.59782308e-05  3.30000000e+00 
 1.59882308e-05  3.30000000e+00 
 1.59982308e-05  3.30000000e+00 
 1.60082308e-05  3.30000000e+00 
 1.60182308e-05  3.30000000e+00 
 1.60282308e-05  3.30000000e+00 
 1.60382308e-05  3.30000000e+00 
 1.60482308e-05  3.30000000e+00 
 1.60582308e-05  3.30000000e+00 
 1.60682308e-05  3.30000000e+00 
 1.60782308e-05  3.30000000e+00 
 1.60882308e-05  3.30000000e+00 
 1.60982308e-05  3.30000000e+00 
 1.61082308e-05  3.30000000e+00 
 1.61182308e-05  3.30000000e+00 
 1.61282308e-05  3.30000000e+00 
 1.61382308e-05  3.30000000e+00 
 1.61482308e-05  3.30000000e+00 
 1.61582308e-05  3.30000000e+00 
 1.61682308e-05  3.30000000e+00 
 1.61782308e-05  3.30000000e+00 
 1.61882308e-05  3.30000000e+00 
 1.61982308e-05  3.30000000e+00 
 1.62082308e-05  3.30000000e+00 
 1.62182308e-05  3.30000000e+00 
 1.62282308e-05  3.30000000e+00 
 1.62382308e-05  3.30000000e+00 
 1.62482308e-05  3.30000000e+00 
 1.62582308e-05  3.30000000e+00 
 1.62682308e-05  3.30000000e+00 
 1.62782308e-05  3.30000000e+00 
 1.62882308e-05  3.30000000e+00 
 1.62982308e-05  3.30000000e+00 
 1.63082308e-05  3.30000000e+00 
 1.63182308e-05  3.30000000e+00 
 1.63282308e-05  3.30000000e+00 
 1.63382308e-05  3.30000000e+00 
 1.63482308e-05  3.30000000e+00 
 1.63582308e-05  3.30000000e+00 
 1.63682308e-05  3.30000000e+00 
 1.63782308e-05  3.30000000e+00 
 1.63882308e-05  3.30000000e+00 
 1.63982308e-05  3.30000000e+00 
 1.64082308e-05  3.30000000e+00 
 1.64182308e-05  3.30000000e+00 
 1.64282308e-05  3.30000000e+00 
 1.64382308e-05  3.30000000e+00 
 1.64482308e-05  3.30000000e+00 
 1.64582308e-05  3.30000000e+00 
 1.64682308e-05  3.30000000e+00 
 1.64782308e-05  3.30000000e+00 
 1.64882308e-05  3.30000000e+00 
 1.64982308e-05  3.30000000e+00 
 1.65082308e-05  3.30000000e+00 
 1.65182308e-05  3.30000000e+00 
 1.65282308e-05  3.30000000e+00 
 1.65382308e-05  3.30000000e+00 
 1.65482308e-05  3.30000000e+00 
 1.65582308e-05  3.30000000e+00 
 1.65682308e-05  3.30000000e+00 
 1.65782308e-05  3.30000000e+00 
 1.65882308e-05  3.30000000e+00 
 1.65982308e-05  3.30000000e+00 
 1.66082308e-05  3.30000000e+00 
 1.66182308e-05  3.30000000e+00 
 1.66282308e-05  3.30000000e+00 
 1.66382308e-05  3.30000000e+00 
 1.66482308e-05  3.30000000e+00 
 1.66582308e-05  3.30000000e+00 
 1.66682308e-05  3.30000000e+00 
 1.66782308e-05  3.30000000e+00 
 1.66882308e-05  3.30000000e+00 
 1.66982308e-05  3.30000000e+00 
 1.67082308e-05  3.30000000e+00 
 1.67182308e-05  3.30000000e+00 
 1.67282308e-05  3.30000000e+00 
 1.67382308e-05  3.30000000e+00 
 1.67482308e-05  3.30000000e+00 
 1.67582308e-05  3.30000000e+00 
 1.67682308e-05  3.30000000e+00 
 1.67782308e-05  3.30000000e+00 
 1.67882308e-05  3.30000000e+00 
 1.67982308e-05  3.30000000e+00 
 1.68082308e-05  3.30000000e+00 
 1.68182308e-05  3.30000000e+00 
 1.68282308e-05  3.30000000e+00 
 1.68382308e-05  3.30000000e+00 
 1.68482308e-05  3.30000000e+00 
 1.68582308e-05  3.30000000e+00 
 1.68682308e-05  3.30000000e+00 
 1.68782308e-05  3.30000000e+00 
 1.68882308e-05  3.30000000e+00 
 1.68982308e-05  3.30000000e+00 
 1.69082308e-05  3.30000000e+00 
 1.69182308e-05  3.30000000e+00 
 1.69282308e-05  3.30000000e+00 
 1.69382308e-05  3.30000000e+00 
 1.69482308e-05  3.30000000e+00 
 1.69582308e-05  3.30000000e+00 
 1.69682308e-05  3.30000000e+00 
 1.69782308e-05  3.30000000e+00 
 1.69882308e-05  3.30000000e+00 
 1.69982308e-05  3.30000000e+00 
 1.70082308e-05  3.30000000e+00 
 1.70182308e-05  3.30000000e+00 
 1.70282308e-05  3.30000000e+00 
 1.70382308e-05  3.30000000e+00 
 1.70482308e-05  3.30000000e+00 
 1.70582308e-05  3.30000000e+00 
 1.70682308e-05  3.30000000e+00 
 1.70782308e-05  3.30000000e+00 
 1.70882308e-05  3.30000000e+00 
 1.70982308e-05  3.30000000e+00 
 1.71082308e-05  3.30000000e+00 
 1.71182308e-05  3.30000000e+00 
 1.71282308e-05  3.30000000e+00 
 1.71382308e-05  3.30000000e+00 
 1.71482308e-05  3.30000000e+00 
 1.71582308e-05  3.30000000e+00 
 1.71682308e-05  3.30000000e+00 
 1.71782308e-05  3.30000000e+00 
 1.71882308e-05  3.30000000e+00 
 1.71982308e-05  3.30000000e+00 
 1.72082308e-05  3.30000000e+00 
 1.72182308e-05  3.30000000e+00 
 1.72282308e-05  3.30000000e+00 
 1.72382308e-05  3.30000000e+00 
 1.72482308e-05  3.30000000e+00 
 1.72582308e-05  3.30000000e+00 
 1.72682308e-05  3.30000000e+00 
 1.72782308e-05  3.30000000e+00 
 1.72882308e-05  3.30000000e+00 
 1.72982308e-05  3.30000000e+00 
 1.73082308e-05  3.30000000e+00 
 1.73182308e-05  3.30000000e+00 
 1.73282308e-05  3.30000000e+00 
 1.73382308e-05  3.30000000e+00 
 1.73482308e-05  3.30000000e+00 
 1.73582308e-05  3.30000000e+00 
 1.73682308e-05  3.30000000e+00 
 1.73782308e-05  3.30000000e+00 
 1.73882308e-05  3.30000000e+00 
 1.73982308e-05  3.30000000e+00 
 1.74082308e-05  3.30000000e+00 
 1.74182308e-05  3.30000000e+00 
 1.74282308e-05  3.30000000e+00 
 1.74382308e-05  3.30000000e+00 
 1.74482308e-05  3.30000000e+00 
 1.74582308e-05  3.30000000e+00 
 1.74682308e-05  3.30000000e+00 
 1.74782308e-05  3.30000000e+00 
 1.74882308e-05  3.30000000e+00 
 1.74982308e-05  3.30000000e+00 
 1.75082308e-05  3.30000000e+00 
 1.75182308e-05  3.30000000e+00 
 1.75282308e-05  3.30000000e+00 
 1.75382308e-05  3.30000000e+00 
 1.75482308e-05  3.30000000e+00 
 1.75582308e-05  3.30000000e+00 
 1.75682308e-05  3.30000000e+00 
 1.75782308e-05  3.30000000e+00 
 1.75882308e-05  3.30000000e+00 
 1.75982308e-05  3.30000000e+00 
 1.76082308e-05  3.30000000e+00 
 1.76182308e-05  3.30000000e+00 
 1.76282308e-05  3.30000000e+00 
 1.76382308e-05  3.30000000e+00 
 1.76482308e-05  3.30000000e+00 
 1.76582308e-05  3.30000000e+00 
 1.76682308e-05  3.30000000e+00 
 1.76782308e-05  3.30000000e+00 
 1.76882308e-05  3.30000000e+00 
 1.76982308e-05  3.30000000e+00 
 1.77082308e-05  3.30000000e+00 
 1.77182308e-05  3.30000000e+00 
 1.77282308e-05  3.30000000e+00 
 1.77382308e-05  3.30000000e+00 
 1.77482308e-05  3.30000000e+00 
 1.77582308e-05  3.30000000e+00 
 1.77682308e-05  3.30000000e+00 
 1.77782308e-05  3.30000000e+00 
 1.77882308e-05  3.30000000e+00 
 1.77982308e-05  3.30000000e+00 
 1.78082308e-05  3.30000000e+00 
 1.78182308e-05  3.30000000e+00 
 1.78282308e-05  3.30000000e+00 
 1.78382308e-05  3.30000000e+00 
 1.78482308e-05  3.30000000e+00 
 1.78582308e-05  3.30000000e+00 
 1.78682308e-05  3.30000000e+00 
 1.78782308e-05  3.30000000e+00 
 1.78882308e-05  3.30000000e+00 
 1.78982308e-05  3.30000000e+00 
 1.79082308e-05  3.30000000e+00 
 1.79182308e-05  3.30000000e+00 
 1.79282308e-05  3.30000000e+00 
 1.79382308e-05  3.30000000e+00 
 1.79482308e-05  3.30000000e+00 
 1.79582308e-05  3.30000000e+00 
 1.79682308e-05  3.30000000e+00 
 1.79782308e-05  3.30000000e+00 
 1.79882308e-05  3.30000000e+00 
 1.79982308e-05  3.30000000e+00 
 1.80082308e-05  3.30000000e+00 
 1.80182308e-05  3.30000000e+00 
 1.80282308e-05  3.30000000e+00 
 1.80382308e-05  3.30000000e+00 
 1.80482308e-05  3.30000000e+00 
 1.80582308e-05  3.30000000e+00 
 1.80682308e-05  3.30000000e+00 
 1.80782308e-05  3.30000000e+00 
 1.80882308e-05  3.30000000e+00 
 1.80982308e-05  3.30000000e+00 
 1.81082308e-05  3.30000000e+00 
 1.81182308e-05  3.30000000e+00 
 1.81282308e-05  3.30000000e+00 
 1.81382308e-05  3.30000000e+00 
 1.81482308e-05  3.30000000e+00 
 1.81582308e-05  3.30000000e+00 
 1.81682308e-05  3.30000000e+00 
 1.81782308e-05  3.30000000e+00 
 1.81882308e-05  3.30000000e+00 
 1.81982308e-05  3.30000000e+00 
 1.82082308e-05  3.30000000e+00 
 1.82182308e-05  3.30000000e+00 
 1.82282308e-05  3.30000000e+00 
 1.82382308e-05  3.30000000e+00 
 1.82482308e-05  3.30000000e+00 
 1.82582308e-05  3.30000000e+00 
 1.82682308e-05  3.30000000e+00 
 1.82782308e-05  3.30000000e+00 
 1.82882308e-05  3.30000000e+00 
 1.82982308e-05  3.30000000e+00 
 1.83082308e-05  3.30000000e+00 
 1.83182308e-05  3.30000000e+00 
 1.83282308e-05  3.30000000e+00 
 1.83382308e-05  3.30000000e+00 
 1.83482308e-05  3.30000000e+00 
 1.83582308e-05  3.30000000e+00 
 1.83682308e-05  3.30000000e+00 
 1.83782308e-05  3.30000000e+00 
 1.83882308e-05  3.30000000e+00 
 1.83982308e-05  3.30000000e+00 
 1.84082308e-05  3.30000000e+00 
 1.84182308e-05  3.30000000e+00 
 1.84282308e-05  3.30000000e+00 
 1.84382308e-05  3.30000000e+00 
 1.84482308e-05  3.30000000e+00 
 1.84582308e-05  3.30000000e+00 
 1.84682308e-05  3.30000000e+00 
 1.84782308e-05  3.30000000e+00 
 1.84882308e-05  3.30000000e+00 
 1.84982308e-05  3.30000000e+00 
 1.85082308e-05  3.30000000e+00 
 1.85182308e-05  3.30000000e+00 
 1.85282308e-05  3.30000000e+00 
 1.85382308e-05  3.30000000e+00 
 1.85482308e-05  3.30000000e+00 
 1.85582308e-05  3.30000000e+00 
 1.85682308e-05  3.30000000e+00 
 1.85782308e-05  3.30000000e+00 
 1.85882308e-05  3.30000000e+00 
 1.85982308e-05  3.30000000e+00 
 1.86082308e-05  3.30000000e+00 
 1.86182308e-05  3.30000000e+00 
 1.86282308e-05  3.30000000e+00 
 1.86382308e-05  3.30000000e+00 
 1.86482308e-05  3.30000000e+00 
 1.86582308e-05  3.30000000e+00 
 1.86682308e-05  3.30000000e+00 
 1.86782308e-05  3.30000000e+00 
 1.86882308e-05  3.30000000e+00 
 1.86982308e-05  3.30000000e+00 
 1.87082308e-05  3.30000000e+00 
 1.87182308e-05  3.30000000e+00 
 1.87282308e-05  3.30000000e+00 
 1.87382308e-05  3.30000000e+00 
 1.87482308e-05  3.30000000e+00 
 1.87582308e-05  3.30000000e+00 
 1.87682308e-05  3.30000000e+00 
 1.87782308e-05  3.30000000e+00 
 1.87882308e-05  3.30000000e+00 
 1.87982308e-05  3.30000000e+00 
 1.88082308e-05  3.30000000e+00 
 1.88182308e-05  3.30000000e+00 
 1.88282308e-05  3.30000000e+00 
 1.88382308e-05  3.30000000e+00 
 1.88482308e-05  3.30000000e+00 
 1.88582308e-05  3.30000000e+00 
 1.88682308e-05  3.30000000e+00 
 1.88782308e-05  3.30000000e+00 
 1.88882308e-05  3.30000000e+00 
 1.88982308e-05  3.30000000e+00 
 1.89082308e-05  3.30000000e+00 
 1.89182308e-05  3.30000000e+00 
 1.89282308e-05  3.30000000e+00 
 1.89382308e-05  3.30000000e+00 
 1.89482308e-05  3.30000000e+00 
 1.89582308e-05  3.30000000e+00 
 1.89682308e-05  3.30000000e+00 
 1.89782308e-05  3.30000000e+00 
 1.89882308e-05  3.30000000e+00 
 1.89982308e-05  3.30000000e+00 
 1.90082308e-05  3.30000000e+00 
 1.90182308e-05  3.30000000e+00 
 1.90282308e-05  3.30000000e+00 
 1.90382308e-05  3.30000000e+00 
 1.90482308e-05  3.30000000e+00 
 1.90582308e-05  3.30000000e+00 
 1.90682308e-05  3.30000000e+00 
 1.90782308e-05  3.30000000e+00 
 1.90882308e-05  3.30000000e+00 
 1.90982308e-05  3.30000000e+00 
 1.91082308e-05  3.30000000e+00 
 1.91182308e-05  3.30000000e+00 
 1.91282308e-05  3.30000000e+00 
 1.91382308e-05  3.30000000e+00 
 1.91482308e-05  3.30000000e+00 
 1.91582308e-05  3.30000000e+00 
 1.91682308e-05  3.30000000e+00 
 1.91782308e-05  3.30000000e+00 
 1.91882308e-05  3.30000000e+00 
 1.91982308e-05  3.30000000e+00 
 1.92082308e-05  3.30000000e+00 
 1.92182308e-05  3.30000000e+00 
 1.92282308e-05  3.30000000e+00 
 1.92382308e-05  3.30000000e+00 
 1.92482308e-05  3.30000000e+00 
 1.92582308e-05  3.30000000e+00 
 1.92682308e-05  3.30000000e+00 
 1.92782308e-05  3.30000000e+00 
 1.92882308e-05  3.30000000e+00 
 1.92982308e-05  3.30000000e+00 
 1.93082308e-05  3.30000000e+00 
 1.93182308e-05  3.30000000e+00 
 1.93282308e-05  3.30000000e+00 
 1.93382308e-05  3.30000000e+00 
 1.93482308e-05  3.30000000e+00 
 1.93582308e-05  3.30000000e+00 
 1.93682308e-05  3.30000000e+00 
 1.93782308e-05  3.30000000e+00 
 1.93882308e-05  3.30000000e+00 
 1.93982308e-05  3.30000000e+00 
 1.94082308e-05  3.30000000e+00 
 1.94182308e-05  3.30000000e+00 
 1.94282308e-05  3.30000000e+00 
 1.94382308e-05  3.30000000e+00 
 1.94482308e-05  3.30000000e+00 
 1.94582308e-05  3.30000000e+00 
 1.94682308e-05  3.30000000e+00 
 1.94782308e-05  3.30000000e+00 
 1.94882308e-05  3.30000000e+00 
 1.94982308e-05  3.30000000e+00 
 1.95082308e-05  3.30000000e+00 
 1.95182308e-05  3.30000000e+00 
 1.95282308e-05  3.30000000e+00 
 1.95382308e-05  3.30000000e+00 
 1.95482308e-05  3.30000000e+00 
 1.95582308e-05  3.30000000e+00 
 1.95682308e-05  3.30000000e+00 
 1.95782308e-05  3.30000000e+00 
 1.95882308e-05  3.30000000e+00 
 1.95982308e-05  3.30000000e+00 
 1.96082308e-05  3.30000000e+00 
 1.96182308e-05  3.30000000e+00 
 1.96282308e-05  3.30000000e+00 
 1.96382308e-05  3.30000000e+00 
 1.96482308e-05  3.30000000e+00 
 1.96582308e-05  3.30000000e+00 
 1.96682308e-05  3.30000000e+00 
 1.96782308e-05  3.30000000e+00 
 1.96882308e-05  3.30000000e+00 
 1.96982308e-05  3.30000000e+00 
 1.97082308e-05  3.30000000e+00 
 1.97182308e-05  3.30000000e+00 
 1.97282308e-05  3.30000000e+00 
 1.97382308e-05  3.30000000e+00 
 1.97482308e-05  3.30000000e+00 
 1.97582308e-05  3.30000000e+00 
 1.97682308e-05  3.30000000e+00 
 1.97782308e-05  3.30000000e+00 
 1.97882308e-05  3.30000000e+00 
 1.97982308e-05  3.30000000e+00 
 1.98082308e-05  3.30000000e+00 
 1.98182308e-05  3.30000000e+00 
 1.98282308e-05  3.30000000e+00 
 1.98382308e-05  3.30000000e+00 
 1.98482308e-05  3.30000000e+00 
 1.98582308e-05  3.30000000e+00 
 1.98682308e-05  3.30000000e+00 
 1.98782308e-05  3.30000000e+00 
 1.98882308e-05  3.30000000e+00 
 1.98982308e-05  3.30000000e+00 
 1.99082308e-05  3.30000000e+00 
 1.99182308e-05  3.30000000e+00 
 1.99282308e-05  3.30000000e+00 
 1.99382308e-05  3.30000000e+00 
 1.99482308e-05  3.30000000e+00 
 1.99582308e-05  3.30000000e+00 
 1.99682308e-05  3.30000000e+00 
 1.99782308e-05  3.30000000e+00 
 1.99882308e-05  3.30000000e+00 
 1.99982308e-05  3.30000000e+00 
 2.00000000e-05  3.30000000e+00 
