 0.00000000e+00  8.06184820e-14 
 1.00000000e-10  9.50269837e-08 
 2.00000000e-10  9.49772117e-08 
 4.00000000e-10  9.48745463e-08 
 8.00000000e-10  9.47240972e-08 
 1.60000000e-09  9.44652258e-08 
 3.20000000e-09  9.41164824e-08 
 6.40000000e-09  9.36403886e-08 
 1.28000000e-08  9.31536462e-08 
 2.28000000e-08  9.28111328e-08 
 3.28000000e-08  9.25828942e-08 
 4.28000000e-08  9.23578156e-08 
 5.28000000e-08  9.21406929e-08 
 6.28000000e-08  9.19340774e-08 
 7.28000000e-08  9.17371180e-08 
 8.28000000e-08  9.15488455e-08 
 9.28000000e-08  9.13683689e-08 
 1.02800000e-07  9.11949931e-08 
 1.12800000e-07  9.10281529e-08 
 1.22800000e-07  9.08673257e-08 
 1.32800000e-07  9.07120619e-08 
 1.42800000e-07  9.05619712e-08 
 1.52800000e-07  9.04167224e-08 
 1.62800000e-07  9.02760463e-08 
 1.72800000e-07  9.01397436e-08 
 1.82800000e-07  9.00076956e-08 
 1.92800000e-07  8.98798789e-08 
 2.02800000e-07  8.97563848e-08 
 2.12800000e-07  8.96374443e-08 
 2.22800000e-07  8.95230041e-08 
 2.32800000e-07  8.94137646e-08 
 2.42800000e-07  8.93118220e-08 
 2.52800000e-07  8.92172698e-08 
 2.62800000e-07  8.91319673e-08 
 2.72800000e-07  8.90580600e-08 
 2.82800000e-07  8.89983489e-08 
 2.92800000e-07  8.89564499e-08 
 3.02800000e-07  8.89369760e-08 
 3.12800000e-07  8.89457320e-08 
 3.22800000e-07  8.89898944e-08 
 3.32800000e-07  8.90781224e-08 
 3.42800000e-07  8.92205108e-08 
 3.52800000e-07  8.94282404e-08 
 3.62800000e-07  8.97127447e-08 
 3.72800000e-07  9.00842066e-08 
 3.82800000e-07  9.05493179e-08 
 3.92800000e-07  9.11085276e-08 
 4.02800000e-07  9.17534593e-08 
 4.12800000e-07  9.24655734e-08 
 4.22800000e-07  9.32173735e-08 
 4.32800000e-07  9.39755142e-08 
 4.42800000e-07  9.47057161e-08 
 4.52800000e-07  9.53794308e-08 
 4.62800000e-07  9.59677118e-08 
 4.72800000e-07  9.64798921e-08 
 4.82800000e-07  9.69053574e-08 
 4.92800000e-07  9.72511555e-08 
 5.02800000e-07  9.75287656e-08 
 5.12800000e-07  9.77513402e-08 
 5.22800000e-07  9.79351947e-08 
 5.32800000e-07  9.80963508e-08 
 5.42800000e-07  9.81708362e-08 
 5.52800000e-07  9.82554780e-08 
 5.62800000e-07  9.83820191e-08 
 5.72800000e-07  9.85276089e-08 
 5.82800000e-07  9.87275255e-08 
 5.92800000e-07  9.90246585e-08 
 6.02800000e-07  9.94265214e-08 
 6.12800000e-07  9.98057966e-08 
 6.22800000e-07  1.00078535e-07 
 6.32800000e-07  1.00267436e-07 
 6.42800000e-07  1.00330969e-07 
 6.52800000e-07  1.00258668e-07 
 6.62800000e-07  1.00296134e-07 
 6.72800000e-07  1.00789207e-07 
 6.82800000e-07  1.00990504e-07 
 6.92800000e-07  1.00813676e-07 
 7.02800000e-07  1.00524998e-07 
 7.12800000e-07  1.00238518e-07 
 7.22800000e-07  9.98622463e-08 
 7.32800000e-07  9.97770032e-08 
 7.42800000e-07  9.96305982e-08 
 7.52800000e-07  9.93784061e-08 
 7.62800000e-07  9.91387447e-08 
 7.72800000e-07  9.88679191e-08 
 7.82800000e-07  9.85135647e-08 
 7.92800000e-07  9.81841812e-08 
 8.02800000e-07  9.76742867e-08 
 8.12800000e-07  9.71405393e-08 
 8.22800000e-07  9.65773245e-08 
 8.32800000e-07  9.61263336e-08 
 8.42800000e-07  9.62866057e-08 
 8.52800000e-07  9.71431645e-08 
 8.62800000e-07  9.79198564e-08 
 8.72800000e-07  9.70986721e-08 
 8.82800000e-07  9.60187984e-08 
 8.92800000e-07  9.58735424e-08 
 9.02800000e-07  9.63480628e-08 
 9.12800000e-07  9.56935462e-08 
 9.22800000e-07  9.46587671e-08 
 9.32800000e-07  9.31262494e-08 
 9.42800000e-07  9.07468952e-08 
 9.52800000e-07  8.77865094e-08 
 9.62800000e-07  8.48607776e-08 
 9.72800000e-07  8.22667077e-08 
 9.82800000e-07  7.99843696e-08 
 9.92800000e-07  7.77618716e-08 
 1.00000000e-06  7.49809006e-08 
 1.00100000e-06 -1.17327445e-08 
 1.00300000e-06 -1.45825305e-08 
 1.00700000e-06 -1.94667787e-08 
 1.01500000e-06 -2.32202477e-08 
 1.02500000e-06  9.39468248e-08 
 1.03500000e-06  4.00500062e-07 
 1.04500000e-06  7.14733756e-07 
 1.05500000e-06  1.03043814e-06 
 1.06500000e-06  1.39810829e-06 
 1.07500000e-06  1.82287564e-06 
 1.08500000e-06  2.30270015e-06 
 1.09500000e-06  2.84305690e-06 
 1.10500000e-06  3.45900484e-06 
 1.11500000e-06  4.17624313e-06 
 1.12500000e-06  5.03384398e-06 
 1.13500000e-06  6.08813848e-06 
 1.14500000e-06  7.42185656e-06 
 1.15500000e-06  9.15924081e-06 
 1.16500000e-06  1.15043484e-05 
 1.17500000e-06  1.47711591e-05 
 1.18500000e-06  1.94081839e-05 
 1.19500000e-06  2.55468502e-05 
 1.20500000e-06  3.35785663e-05 
 1.21500000e-06  4.22614236e-05 
 1.22389485e-06  4.68589013e-05 
 1.23326059e-06  4.79784539e-05 
 1.24326059e-06  4.69467469e-05 
 1.25309716e-06  4.50884927e-05 
 1.26309716e-06  4.29007772e-05 
 1.27309716e-06  4.05700381e-05 
 1.28164339e-06  3.85115028e-05 
 1.28965369e-06  3.65571777e-05 
 1.29840955e-06  3.44182783e-05 
 1.30823078e-06  3.20341919e-05 
 1.31823078e-06  2.96390117e-05 
 1.32823078e-06  2.72953918e-05 
 1.33823078e-06  2.50254839e-05 
 1.34823078e-06  2.28528305e-05 
 1.35823078e-06  2.08009819e-05 
 1.36823078e-06  1.88913120e-05 
 1.37823078e-06  1.71384199e-05 
 1.38823078e-06  1.55473106e-05 
 1.39823078e-06  1.41151395e-05 
 1.40823078e-06  1.28336993e-05 
 1.41823078e-06  1.16911880e-05 
 1.42823078e-06  1.06731048e-05 
 1.43823078e-06  9.76345931e-06 
 1.44823078e-06  8.94722788e-06 
 1.45823078e-06  8.21307975e-06 
 1.46823078e-06  7.55488608e-06 
 1.47823078e-06  6.96935957e-06 
 1.48823078e-06  6.45063845e-06 
 1.49823078e-06  5.99138849e-06 
 1.50823078e-06  5.58489008e-06 
 1.51823078e-06  5.22420046e-06 
 1.52823078e-06  4.90254364e-06 
 1.53823078e-06  4.61388606e-06 
 1.54823078e-06  4.35321121e-06 
 1.55823078e-06  4.11648432e-06 
 1.56823078e-06  3.90046661e-06 
 1.57823078e-06  3.70252586e-06 
 1.58823078e-06  3.52049502e-06 
 1.59823078e-06  3.35257205e-06 
 1.60823078e-06  3.19724525e-06 
 1.61823078e-06  3.05323466e-06 
 1.62823078e-06  2.91944568e-06 
 1.63823078e-06  2.79493257e-06 
 1.64823078e-06  2.67887014e-06 
 1.65823078e-06  2.57053173e-06 
 1.66823078e-06  2.46927224e-06 
 1.67823078e-06  2.37451496e-06 
 1.68823078e-06  2.28574126e-06 
 1.69823078e-06  2.20248246e-06 
 1.70823078e-06  2.12431340e-06 
 1.71823078e-06  2.05084716e-06 
 1.72823078e-06  1.98173075e-06 
 1.73823078e-06  1.91664155e-06 
 1.74823078e-06  1.85528421e-06 
 1.75823078e-06  1.79738805e-06 
 1.76823078e-06  1.74270472e-06 
 1.77823078e-06  1.69100622e-06 
 1.78823078e-06  1.64208305e-06 
 1.79823078e-06  1.59574261e-06 
 1.80823078e-06  1.55180773e-06 
 1.81823078e-06  1.51011533e-06 
 1.82823078e-06  1.47051522e-06 
 1.83823078e-06  1.43286898e-06 
 1.84823078e-06  1.39704901e-06 
 1.85823078e-06  1.36293756e-06 
 1.86823078e-06  1.33042591e-06 
 1.87823078e-06  1.29941361e-06 
 1.88823078e-06  1.26980780e-06 
 1.89823078e-06  1.24152254e-06 
 1.90823078e-06  1.21447826e-06 
 1.91823078e-06  1.18860122e-06 
 1.92823078e-06  1.16382301e-06 
 1.93823078e-06  1.14008015e-06 
 1.94823078e-06  1.11731365e-06 
 1.95823078e-06  1.09546866e-06 
 1.96823078e-06  1.07449413e-06 
 1.97823078e-06  1.05434251e-06 
 1.98823078e-06  1.03496949e-06 
 1.99823078e-06  1.01633370e-06 
 2.00823078e-06  9.98396508e-07 
 2.01823078e-06  9.81121829e-07 
 2.02823078e-06  9.64475886e-07 
 2.03823078e-06  9.48427063e-07 
 2.04823078e-06  9.32945733e-07 
 2.05823078e-06  9.18004112e-07 
 2.06823078e-06  9.03576125e-07 
 2.07823078e-06  8.89637277e-07 
 2.08823078e-06  8.76164544e-07 
 2.09823078e-06  8.63136265e-07 
 2.10823078e-06  8.50532046e-07 
 2.11823078e-06  8.38332671e-07 
 2.12823078e-06  8.26520025e-07 
 2.13823078e-06  8.15077013e-07 
 2.14823078e-06  8.03987495e-07 
 2.15823078e-06  7.93236220e-07 
 2.16823078e-06  7.82808770e-07 
 2.17823078e-06  7.72691501e-07 
 2.18823078e-06  7.62871498e-07 
 2.19823078e-06  7.53336527e-07 
 2.20823078e-06  7.44074989e-07 
 2.21823078e-06  7.35075884e-07 
 2.22823078e-06  7.26328773e-07 
 2.23823078e-06  7.17823741e-07 
 2.24823078e-06  7.09551370e-07 
 2.25823078e-06  7.01502705e-07 
 2.26823078e-06  6.93669228e-07 
 2.27823078e-06  6.86042833e-07 
 2.28823078e-06  6.78615803e-07 
 2.29823078e-06  6.71380785e-07 
 2.30823078e-06  6.64330769e-07 
 2.31823078e-06  6.57459073e-07 
 2.32823078e-06  6.50759321e-07 
 2.33823078e-06  6.44225426e-07 
 2.34823078e-06  6.37851575e-07 
 2.35823078e-06  6.31632217e-07 
 2.36823078e-06  6.25562043e-07 
 2.37823078e-06  6.19635979e-07 
 2.38823078e-06  6.13849169e-07 
 2.39823078e-06  6.08196966e-07 
 2.40823078e-06  6.02674922e-07 
 2.41823078e-06  5.97278777e-07 
 2.42823078e-06  5.92004445e-07 
 2.43823078e-06  5.86848015e-07 
 2.44823078e-06  5.81805733e-07 
 2.45823078e-06  5.76873998e-07 
 2.46823078e-06  5.72049355e-07 
 2.47823078e-06  5.67328488e-07 
 2.48823078e-06  5.62708211e-07 
 2.49823078e-06  5.58185463e-07 
 2.50823078e-06  5.53757305e-07 
 2.51823078e-06  5.49420908e-07 
 2.52823078e-06  5.45173554e-07 
 2.53823078e-06  5.41012627e-07 
 2.54823078e-06  5.36935612e-07 
 2.55823078e-06  5.32940084e-07 
 2.56823078e-06  5.29023711e-07 
 2.57823078e-06  5.25184246e-07 
 2.58823078e-06  5.21419524e-07 
 2.59823078e-06  5.17727460e-07 
 2.60823078e-06  5.14106040e-07 
 2.61823078e-06  5.10553325e-07 
 2.62823078e-06  5.07067444e-07 
 2.63823078e-06  5.03646592e-07 
 2.64823078e-06  5.00289025e-07 
 2.65823078e-06  4.96993062e-07 
 2.66823078e-06  4.93757077e-07 
 2.67823078e-06  4.90579501e-07 
 2.68823078e-06  4.87458818e-07 
 2.69823078e-06  4.84393562e-07 
 2.70823078e-06  4.81382316e-07 
 2.71823078e-06  4.78423711e-07 
 2.72823078e-06  4.75516422e-07 
 2.73823078e-06  4.72659166e-07 
 2.74823078e-06  4.69850704e-07 
 2.75823078e-06  4.67089834e-07 
 2.76823078e-06  4.64375395e-07 
 2.77823078e-06  4.61706260e-07 
 2.78823078e-06  4.59081341e-07 
 2.79823078e-06  4.56499580e-07 
 2.80823078e-06  4.53959954e-07 
 2.81823078e-06  4.51461472e-07 
 2.82823078e-06  4.49003171e-07 
 2.83823078e-06  4.46584119e-07 
 2.84823078e-06  4.44203413e-07 
 2.85823078e-06  4.41860173e-07 
 2.86823078e-06  4.39553551e-07 
 2.87823078e-06  4.37282718e-07 
 2.88823078e-06  4.35046874e-07 
 2.89823078e-06  4.32845240e-07 
 2.90823078e-06  4.30677060e-07 
 2.91823078e-06  4.28541601e-07 
 2.92823078e-06  4.26438148e-07 
 2.93823078e-06  4.24366008e-07 
 2.94823078e-06  4.22324510e-07 
 2.95823078e-06  4.20312997e-07 
 2.96823078e-06  4.18330834e-07 
 2.97823078e-06  4.16377401e-07 
 2.98823078e-06  4.14452098e-07 
 2.99823078e-06  4.12554339e-07 
 3.00823078e-06  4.10683554e-07 
 3.01823078e-06  4.08839190e-07 
 3.02823078e-06  4.07020707e-07 
 3.03823078e-06  4.05227580e-07 
 3.04823078e-06  4.03459299e-07 
 3.05823078e-06  4.01715367e-07 
 3.06823078e-06  3.99995298e-07 
 3.07823078e-06  3.98298620e-07 
 3.08823078e-06  3.96624875e-07 
 3.09823078e-06  3.94973615e-07 
 3.10823078e-06  3.93344402e-07 
 3.11823078e-06  3.91736812e-07 
 3.12823078e-06  3.90150430e-07 
 3.13823078e-06  3.88584852e-07 
 3.14823078e-06  3.87039683e-07 
 3.15823078e-06  3.85514540e-07 
 3.16823078e-06  3.84009047e-07 
 3.17823078e-06  3.82522839e-07 
 3.18823078e-06  3.81055559e-07 
 3.19823078e-06  3.79606859e-07 
 3.20823078e-06  3.78176400e-07 
 3.21823078e-06  3.76763849e-07 
 3.22823078e-06  3.75368882e-07 
 3.23823078e-06  3.73991185e-07 
 3.24823078e-06  3.72630448e-07 
 3.25823078e-06  3.71286370e-07 
 3.26823078e-06  3.69958656e-07 
 3.27823078e-06  3.68647020e-07 
 3.28823078e-06  3.67351180e-07 
 3.29823078e-06  3.66070861e-07 
 3.30823078e-06  3.64805797e-07 
 3.31823078e-06  3.63555724e-07 
 3.32823078e-06  3.62320386e-07 
 3.33823078e-06  3.61099533e-07 
 3.34823078e-06  3.59892920e-07 
 3.35823078e-06  3.58700308e-07 
 3.36823078e-06  3.57521463e-07 
 3.37823078e-06  3.56356154e-07 
 3.38823078e-06  3.55204160e-07 
 3.39823078e-06  3.54065260e-07 
 3.40823078e-06  3.52939240e-07 
 3.41823078e-06  3.51825890e-07 
 3.42823078e-06  3.50725005e-07 
 3.43823078e-06  3.49636385e-07 
 3.44823078e-06  3.48559832e-07 
 3.45823078e-06  3.47495154e-07 
 3.46823078e-06  3.46442162e-07 
 3.47823078e-06  3.45400673e-07 
 3.48823078e-06  3.44370505e-07 
 3.49823078e-06  3.43351481e-07 
 3.50823078e-06  3.42343429e-07 
 3.51823078e-06  3.41346177e-07 
 3.52823078e-06  3.40359561e-07 
 3.53823078e-06  3.39383417e-07 
 3.54823078e-06  3.38417585e-07 
 3.55823078e-06  3.37461909e-07 
 3.56823078e-06  3.36516235e-07 
 3.57823078e-06  3.35580414e-07 
 3.58823078e-06  3.34654298e-07 
 3.59823078e-06  3.33737743e-07 
 3.60823078e-06  3.32830607e-07 
 3.61823078e-06  3.31932751e-07 
 3.62823078e-06  3.31044039e-07 
 3.63823078e-06  3.30164338e-07 
 3.64823078e-06  3.29293516e-07 
 3.65823078e-06  3.28431446e-07 
 3.66823078e-06  3.27578001e-07 
 3.67823078e-06  3.26733058e-07 
 3.68823078e-06  3.25896496e-07 
 3.69823078e-06  3.25068195e-07 
 3.70823078e-06  3.24248038e-07 
 3.71823078e-06  3.23435913e-07 
 3.72823078e-06  3.22631705e-07 
 3.73823078e-06  3.21835304e-07 
 3.74823078e-06  3.21046602e-07 
 3.75823078e-06  3.20265494e-07 
 3.76823078e-06  3.19491873e-07 
 3.77823078e-06  3.18725639e-07 
 3.78823078e-06  3.17966690e-07 
 3.79823078e-06  3.17214927e-07 
 3.80823078e-06  3.16470253e-07 
 3.81823078e-06  3.15732573e-07 
 3.82823078e-06  3.15001793e-07 
 3.83823078e-06  3.14277822e-07 
 3.84823078e-06  3.13560568e-07 
 3.85823078e-06  3.12849944e-07 
 3.86823078e-06  3.12145861e-07 
 3.87823078e-06  3.11448234e-07 
 3.88823078e-06  3.10756979e-07 
 3.89823078e-06  3.10072013e-07 
 3.90823078e-06  3.09393254e-07 
 3.91823078e-06  3.08720623e-07 
 3.92823078e-06  3.08054041e-07 
 3.93823078e-06  3.07393430e-07 
 3.94823078e-06  3.06738715e-07 
 3.95823078e-06  3.06089821e-07 
 3.96823078e-06  3.05446674e-07 
 3.97823078e-06  3.04809203e-07 
 3.98823078e-06  3.04177336e-07 
 3.99823078e-06  3.03551003e-07 
 4.00823078e-06  3.02930135e-07 
 4.01823078e-06  3.02314665e-07 
 4.02823078e-06  3.01704527e-07 
 4.03823078e-06  3.01099655e-07 
 4.04823078e-06  3.00499985e-07 
 4.05823078e-06  2.99905453e-07 
 4.06823078e-06  2.99315997e-07 
 4.07823078e-06  2.98731556e-07 
 4.08823078e-06  2.98152069e-07 
 4.09823078e-06  2.97577477e-07 
 4.10823078e-06  2.97007723e-07 
 4.11823078e-06  2.96442747e-07 
 4.12823078e-06  2.95882494e-07 
 4.13823078e-06  2.95326908e-07 
 4.14823078e-06  2.94775934e-07 
 4.15823078e-06  2.94229518e-07 
 4.16823078e-06  2.93687606e-07 
 4.17823078e-06  2.93150148e-07 
 4.18823078e-06  2.92617090e-07 
 4.19823078e-06  2.92088383e-07 
 4.20823078e-06  2.91563976e-07 
 4.21823078e-06  2.91043821e-07 
 4.22823078e-06  2.90527867e-07 
 4.23823078e-06  2.90016069e-07 
 4.24823078e-06  2.89508379e-07 
 4.25823078e-06  2.89004750e-07 
 4.26823078e-06  2.88505137e-07 
 4.27823078e-06  2.88009495e-07 
 4.28823078e-06  2.87517780e-07 
 4.29823078e-06  2.87029948e-07 
 4.30823078e-06  2.86545956e-07 
 4.31823078e-06  2.86065762e-07 
 4.32823078e-06  2.85589324e-07 
 4.33823078e-06  2.85116600e-07 
 4.34823078e-06  2.84647551e-07 
 4.35823078e-06  2.84182136e-07 
 4.36823078e-06  2.83720316e-07 
 4.37823078e-06  2.83262052e-07 
 4.38823078e-06  2.82807306e-07 
 4.39823078e-06  2.82356040e-07 
 4.40823078e-06  2.81908218e-07 
 4.41823078e-06  2.81463801e-07 
 4.42823078e-06  2.81022754e-07 
 4.43823078e-06  2.80585042e-07 
 4.44823078e-06  2.80150630e-07 
 4.45823078e-06  2.79719482e-07 
 4.46823078e-06  2.79291564e-07 
 4.47823078e-06  2.78866844e-07 
 4.48823078e-06  2.78445287e-07 
 4.49823078e-06  2.78026860e-07 
 4.50823078e-06  2.77611533e-07 
 4.51823078e-06  2.77199271e-07 
 4.52823078e-06  2.76790045e-07 
 4.53823078e-06  2.76383823e-07 
 4.54823078e-06  2.75980575e-07 
 4.55823078e-06  2.75580270e-07 
 4.56823078e-06  2.75182878e-07 
 4.57823078e-06  2.74788371e-07 
 4.58823078e-06  2.74396718e-07 
 4.59823078e-06  2.74007892e-07 
 4.60823078e-06  2.73621865e-07 
 4.61823078e-06  2.73238608e-07 
 4.62823078e-06  2.72858093e-07 
 4.63823078e-06  2.72480294e-07 
 4.64823078e-06  2.72105185e-07 
 4.65823078e-06  2.71732738e-07 
 4.66823078e-06  2.71362927e-07 
 4.67823078e-06  2.70995727e-07 
 4.68823078e-06  2.70631112e-07 
 4.69823078e-06  2.70269058e-07 
 4.70823078e-06  2.69909538e-07 
 4.71823078e-06  2.69552530e-07 
 4.72823078e-06  2.69198009e-07 
 4.73823078e-06  2.68845950e-07 
 4.74823078e-06  2.68496331e-07 
 4.75823078e-06  2.68149128e-07 
 4.76823078e-06  2.67804318e-07 
 4.77823078e-06  2.67461879e-07 
 4.78823078e-06  2.67121788e-07 
 4.79823078e-06  2.66784023e-07 
 4.80823078e-06  2.66448563e-07 
 4.81823078e-06  2.66115385e-07 
 4.82823078e-06  2.65784468e-07 
 4.83823078e-06  2.65455792e-07 
 4.84823078e-06  2.65129335e-07 
 4.85823078e-06  2.64805078e-07 
 4.86823078e-06  2.64482999e-07 
 4.87823078e-06  2.64163080e-07 
 4.88823078e-06  2.63845299e-07 
 4.89823078e-06  2.63529638e-07 
 4.90823078e-06  2.63216077e-07 
 4.91823078e-06  2.62904597e-07 
 4.92823078e-06  2.62595180e-07 
 4.93823078e-06  2.62287806e-07 
 4.94823078e-06  2.61982457e-07 
 4.95823078e-06  2.61679116e-07 
 4.96823078e-06  2.61377764e-07 
 4.97823078e-06  2.61078383e-07 
 4.98823078e-06  2.60780956e-07 
 4.99823078e-06  2.60485465e-07 
 5.00823078e-06  2.60191894e-07 
 5.01823078e-06  2.59900226e-07 
 5.02823078e-06  2.59610443e-07 
 5.03823078e-06  2.59322529e-07 
 5.04823078e-06  2.59036468e-07 
 5.05823078e-06  2.58752244e-07 
 5.06823078e-06  2.58469840e-07 
 5.07823078e-06  2.58189242e-07 
 5.08823078e-06  2.57910432e-07 
 5.09823078e-06  2.57633397e-07 
 5.10823078e-06  2.57358120e-07 
 5.11823078e-06  2.57084587e-07 
 5.12823078e-06  2.56812782e-07 
 5.13823078e-06  2.56542691e-07 
 5.14823078e-06  2.56274299e-07 
 5.15823078e-06  2.56007592e-07 
 5.16823078e-06  2.55742556e-07 
 5.17823078e-06  2.55479176e-07 
 5.18823078e-06  2.55217439e-07 
 5.19823078e-06  2.54957330e-07 
 5.20823078e-06  2.54698837e-07 
 5.21823078e-06  2.54441945e-07 
 5.22823078e-06  2.54186642e-07 
 5.23823078e-06  2.53932913e-07 
 5.24823078e-06  2.53680747e-07 
 5.25823078e-06  2.53430129e-07 
 5.26823078e-06  2.53181048e-07 
 5.27823078e-06  2.52933491e-07 
 5.28823078e-06  2.52687445e-07 
 5.29823078e-06  2.52442898e-07 
 5.30823078e-06  2.52199838e-07 
 5.31823078e-06  2.51958252e-07 
 5.32823078e-06  2.51718129e-07 
 5.33823078e-06  2.51479456e-07 
 5.34823078e-06  2.51242223e-07 
 5.35823078e-06  2.51006417e-07 
 5.36823078e-06  2.50772027e-07 
 5.37823078e-06  2.50539042e-07 
 5.38823078e-06  2.50307450e-07 
 5.39823078e-06  2.50077240e-07 
 5.40823078e-06  2.49848402e-07 
 5.41823078e-06  2.49620924e-07 
 5.42823078e-06  2.49394796e-07 
 5.43823078e-06  2.49170007e-07 
 5.44823078e-06  2.48946547e-07 
 5.45823078e-06  2.48724404e-07 
 5.46823078e-06  2.48503570e-07 
 5.47823078e-06  2.48284033e-07 
 5.48823078e-06  2.48065783e-07 
 5.49823078e-06  2.47848811e-07 
 5.50823078e-06  2.47633106e-07 
 5.51823078e-06  2.47418659e-07 
 5.52823078e-06  2.47205460e-07 
 5.53823078e-06  2.46993499e-07 
 5.54823078e-06  2.46782767e-07 
 5.55823078e-06  2.46573255e-07 
 5.56823078e-06  2.46364952e-07 
 5.57823078e-06  2.46157851e-07 
 5.58823078e-06  2.45951941e-07 
 5.59823078e-06  2.45747214e-07 
 5.60823078e-06  2.45543661e-07 
 5.61823078e-06  2.45341273e-07 
 5.62823078e-06  2.45140041e-07 
 5.63823078e-06  2.44939956e-07 
 5.64823078e-06  2.44741010e-07 
 5.65823078e-06  2.44543194e-07 
 5.66823078e-06  2.44346500e-07 
 5.67823078e-06  2.44150920e-07 
 5.68823078e-06  2.43956445e-07 
 5.69823078e-06  2.43763066e-07 
 5.70823078e-06  2.43570777e-07 
 5.71823078e-06  2.43379568e-07 
 5.72823078e-06  2.43189433e-07 
 5.73823078e-06  2.43000362e-07 
 5.74823078e-06  2.42812349e-07 
 5.75823078e-06  2.42625385e-07 
 5.76823078e-06  2.42439463e-07 
 5.77823078e-06  2.42254575e-07 
 5.78823078e-06  2.42070713e-07 
 5.79823078e-06  2.41887871e-07 
 5.80823078e-06  2.41706041e-07 
 5.81823078e-06  2.41525216e-07 
 5.82823078e-06  2.41345388e-07 
 5.83823078e-06  2.41166550e-07 
 5.84823078e-06  2.40988695e-07 
 5.85823078e-06  2.40811816e-07 
 5.86823078e-06  2.40635906e-07 
 5.87823078e-06  2.40460958e-07 
 5.88823078e-06  2.40286966e-07 
 5.89823078e-06  2.40113922e-07 
 5.90823078e-06  2.39941820e-07 
 5.91823078e-06  2.39770653e-07 
 5.92823078e-06  2.39600415e-07 
 5.93823078e-06  2.39431099e-07 
 5.94823078e-06  2.39262698e-07 
 5.95823078e-06  2.39095207e-07 
 5.96823078e-06  2.38928619e-07 
 5.97823078e-06  2.38762927e-07 
 5.98823078e-06  2.38598125e-07 
 5.99823078e-06  2.38434207e-07 
 6.00823078e-06  2.38271168e-07 
 6.01823078e-06  2.38109000e-07 
 6.02823078e-06  2.37947698e-07 
 6.03823078e-06  2.37787257e-07 
 6.04823078e-06  2.37627669e-07 
 6.05823078e-06  2.37468929e-07 
 6.06823078e-06  2.37311032e-07 
 6.07823078e-06  2.37153972e-07 
 6.08823078e-06  2.36997742e-07 
 6.09823078e-06  2.36842337e-07 
 6.10823078e-06  2.36687753e-07 
 6.11823078e-06  2.36533982e-07 
 6.12823078e-06  2.36381020e-07 
 6.13823078e-06  2.36228861e-07 
 6.14823078e-06  2.36077500e-07 
 6.15823078e-06  2.35926931e-07 
 6.16823078e-06  2.35777150e-07 
 6.17823078e-06  2.35628150e-07 
 6.18823078e-06  2.35479927e-07 
 6.19823078e-06  2.35332475e-07 
 6.20823078e-06  2.35185789e-07 
 6.21823078e-06  2.35039865e-07 
 6.22823078e-06  2.34894697e-07 
 6.23823078e-06  2.34750280e-07 
 6.24823078e-06  2.34606609e-07 
 6.25823078e-06  2.34463679e-07 
 6.26823078e-06  2.34321486e-07 
 6.27823078e-06  2.34180025e-07 
 6.28823078e-06  2.34039290e-07 
 6.29823078e-06  2.33899277e-07 
 6.30823078e-06  2.33759981e-07 
 6.31823078e-06  2.33621399e-07 
 6.32823078e-06  2.33483524e-07 
 6.33823078e-06  2.33346352e-07 
 6.34823078e-06  2.33209880e-07 
 6.35823078e-06  2.33074101e-07 
 6.36823078e-06  2.32939013e-07 
 6.37823078e-06  2.32804610e-07 
 6.38823078e-06  2.32670888e-07 
 6.39823078e-06  2.32537843e-07 
 6.40823078e-06  2.32405470e-07 
 6.41823078e-06  2.32273765e-07 
 6.42823078e-06  2.32142724e-07 
 6.43823078e-06  2.32012342e-07 
 6.44823078e-06  2.31882616e-07 
 6.45823078e-06  2.31753541e-07 
 6.46823078e-06  2.31625113e-07 
 6.47823078e-06  2.31497328e-07 
 6.48823078e-06  2.31370182e-07 
 6.49823078e-06  2.31243671e-07 
 6.50823078e-06  2.31117791e-07 
 6.51823078e-06  2.30992537e-07 
 6.52823078e-06  2.30867907e-07 
 6.53823078e-06  2.30743896e-07 
 6.54823078e-06  2.30620500e-07 
 6.55823078e-06  2.30497715e-07 
 6.56823078e-06  2.30375538e-07 
 6.57823078e-06  2.30253965e-07 
 6.58823078e-06  2.30132993e-07 
 6.59823078e-06  2.30012616e-07 
 6.60823078e-06  2.29892832e-07 
 6.61823078e-06  2.29773638e-07 
 6.62823078e-06  2.29655028e-07 
 6.63823078e-06  2.29537001e-07 
 6.64823078e-06  2.29419552e-07 
 6.65823078e-06  2.29302677e-07 
 6.66823078e-06  2.29186374e-07 
 6.67823078e-06  2.29070639e-07 
 6.68823078e-06  2.28955468e-07 
 6.69823078e-06  2.28840857e-07 
 6.70823078e-06  2.28726805e-07 
 6.71823078e-06  2.28613306e-07 
 6.72823078e-06  2.28500358e-07 
 6.73823078e-06  2.28387957e-07 
 6.74823078e-06  2.28276101e-07 
 6.75823078e-06  2.28164785e-07 
 6.76823078e-06  2.28054007e-07 
 6.77823078e-06  2.27943763e-07 
 6.78823078e-06  2.27834051e-07 
 6.79823078e-06  2.27724866e-07 
 6.80823078e-06  2.27616206e-07 
 6.81823078e-06  2.27508068e-07 
 6.82823078e-06  2.27400449e-07 
 6.83823078e-06  2.27293345e-07 
 6.84823078e-06  2.27186753e-07 
 6.85823078e-06  2.27080671e-07 
 6.86823078e-06  2.26975095e-07 
 6.87823078e-06  2.26870023e-07 
 6.88823078e-06  2.26765451e-07 
 6.89823078e-06  2.26661377e-07 
 6.90823078e-06  2.26557798e-07 
 6.91823078e-06  2.26454710e-07 
 6.92823078e-06  2.26352111e-07 
 6.93823078e-06  2.26249997e-07 
 6.94823078e-06  2.26148368e-07 
 6.95823078e-06  2.26047218e-07 
 6.96823078e-06  2.25946546e-07 
 6.97823078e-06  2.25846348e-07 
 6.98823078e-06  2.25746623e-07 
 6.99823078e-06  2.25647367e-07 
 7.00823078e-06  2.25548578e-07 
 7.01823078e-06  2.25450252e-07 
 7.02823078e-06  2.25352388e-07 
 7.03823078e-06  2.25254982e-07 
 7.04823078e-06  2.25158032e-07 
 7.05823078e-06  2.25061535e-07 
 7.06823078e-06  2.24965489e-07 
 7.07823078e-06  2.24869891e-07 
 7.08823078e-06  2.24774739e-07 
 7.09823078e-06  2.24680030e-07 
 7.10823078e-06  2.24585761e-07 
 7.11823078e-06  2.24491931e-07 
 7.12823078e-06  2.24398536e-07 
 7.13823078e-06  2.24305574e-07 
 7.14823078e-06  2.24213042e-07 
 7.15823078e-06  2.24120939e-07 
 7.16823078e-06  2.24029262e-07 
 7.17823078e-06  2.23938007e-07 
 7.18823078e-06  2.23847174e-07 
 7.19823078e-06  2.23756760e-07 
 7.20823078e-06  2.23666762e-07 
 7.21823078e-06  2.23577177e-07 
 7.22823078e-06  2.23488005e-07 
 7.23823078e-06  2.23399242e-07 
 7.24823078e-06  2.23310885e-07 
 7.25823078e-06  2.23222934e-07 
 7.26823078e-06  2.23135385e-07 
 7.27823078e-06  2.23048237e-07 
 7.28823078e-06  2.22961486e-07 
 7.29823078e-06  2.22875132e-07 
 7.30823078e-06  2.22789171e-07 
 7.31823078e-06  2.22703601e-07 
 7.32823078e-06  2.22618422e-07 
 7.33823078e-06  2.22533629e-07 
 7.34823078e-06  2.22449221e-07 
 7.35823078e-06  2.22365197e-07 
 7.36823078e-06  2.22281553e-07 
 7.37823078e-06  2.22198288e-07 
 7.38823078e-06  2.22115400e-07 
 7.39823078e-06  2.22032887e-07 
 7.40823078e-06  2.21950746e-07 
 7.41823078e-06  2.21868976e-07 
 7.42823078e-06  2.21787575e-07 
 7.43823078e-06  2.21706540e-07 
 7.44823078e-06  2.21625869e-07 
 7.45823078e-06  2.21545562e-07 
 7.46823078e-06  2.21465615e-07 
 7.47823078e-06  2.21386027e-07 
 7.48823078e-06  2.21306796e-07 
 7.49823078e-06  2.21227919e-07 
 7.50823078e-06  2.21149396e-07 
 7.51823078e-06  2.21071224e-07 
 7.52823078e-06  2.20993401e-07 
 7.53823078e-06  2.20915925e-07 
 7.54823078e-06  2.20838795e-07 
 7.55823078e-06  2.20762008e-07 
 7.56823078e-06  2.20685563e-07 
 7.57823078e-06  2.20609459e-07 
 7.58823078e-06  2.20533692e-07 
 7.59823078e-06  2.20458262e-07 
 7.60823078e-06  2.20383167e-07 
 7.61823078e-06  2.20308404e-07 
 7.62823078e-06  2.20233972e-07 
 7.63823078e-06  2.20159870e-07 
 7.64823078e-06  2.20086096e-07 
 7.65823078e-06  2.20012647e-07 
 7.66823078e-06  2.19939522e-07 
 7.67823078e-06  2.19866720e-07 
 7.68823078e-06  2.19794239e-07 
 7.69823078e-06  2.19722077e-07 
 7.70823078e-06  2.19650232e-07 
 7.71823078e-06  2.19578703e-07 
 7.72823078e-06  2.19507488e-07 
 7.73823078e-06  2.19436586e-07 
 7.74823078e-06  2.19365994e-07 
 7.75823078e-06  2.19295712e-07 
 7.76823078e-06  2.19225737e-07 
 7.77823078e-06  2.19156069e-07 
 7.78823078e-06  2.19086704e-07 
 7.79823078e-06  2.19017643e-07 
 7.80823078e-06  2.18948883e-07 
 7.81823078e-06  2.18880423e-07 
 7.82823078e-06  2.18812261e-07 
 7.83823078e-06  2.18744395e-07 
 7.84823078e-06  2.18676825e-07 
 7.85823078e-06  2.18609549e-07 
 7.86823078e-06  2.18542564e-07 
 7.87823078e-06  2.18475870e-07 
 7.88823078e-06  2.18409466e-07 
 7.89823078e-06  2.18343349e-07 
 7.90823078e-06  2.18277518e-07 
 7.91823078e-06  2.18211972e-07 
 7.92823078e-06  2.18146709e-07 
 7.93823078e-06  2.18081728e-07 
 7.94823078e-06  2.18017028e-07 
 7.95823078e-06  2.17952606e-07 
 7.96823078e-06  2.17888462e-07 
 7.97823078e-06  2.17824595e-07 
 7.98823078e-06  2.17761002e-07 
 7.99823078e-06  2.17697682e-07 
 8.00823078e-06  2.17634635e-07 
 8.01823078e-06  2.17571858e-07 
 8.02823078e-06  2.17509350e-07 
 8.03823078e-06  2.17447111e-07 
 8.04823078e-06  2.17385138e-07 
 8.05823078e-06  2.17323430e-07 
 8.06823078e-06  2.17261986e-07 
 8.07823078e-06  2.17200805e-07 
 8.08823078e-06  2.17139885e-07 
 8.09823078e-06  2.17079225e-07 
 8.10823078e-06  2.17018823e-07 
 8.11823078e-06  2.16958680e-07 
 8.12823078e-06  2.16898792e-07 
 8.13823078e-06  2.16839159e-07 
 8.14823078e-06  2.16779780e-07 
 8.15823078e-06  2.16720652e-07 
 8.16823078e-06  2.16661777e-07 
 8.17823078e-06  2.16603150e-07 
 8.18823078e-06  2.16544773e-07 
 8.19823078e-06  2.16486643e-07 
 8.20823078e-06  2.16428759e-07 
 8.21823078e-06  2.16371120e-07 
 8.22823078e-06  2.16313725e-07 
 8.23823078e-06  2.16256572e-07 
 8.24823078e-06  2.16199660e-07 
 8.25823078e-06  2.16142989e-07 
 8.26823078e-06  2.16086557e-07 
 8.27823078e-06  2.16030362e-07 
 8.28823078e-06  2.15974405e-07 
 8.29823078e-06  2.15918682e-07 
 8.30823078e-06  2.15863195e-07 
 8.31823078e-06  2.15807940e-07 
 8.32823078e-06  2.15752917e-07 
 8.33823078e-06  2.15698126e-07 
 8.34823078e-06  2.15643564e-07 
 8.35823078e-06  2.15589231e-07 
 8.36823078e-06  2.15535125e-07 
 8.37823078e-06  2.15481246e-07 
 8.38823078e-06  2.15427593e-07 
 8.39823078e-06  2.15374163e-07 
 8.40823078e-06  2.15320957e-07 
 8.41823078e-06  2.15267973e-07 
 8.42823078e-06  2.15215211e-07 
 8.43823078e-06  2.15162668e-07 
 8.44823078e-06  2.15110344e-07 
 8.45823078e-06  2.15058238e-07 
 8.46823078e-06  2.15006349e-07 
 8.47823078e-06  2.14954676e-07 
 8.48823078e-06  2.14903218e-07 
 8.49823078e-06  2.14851973e-07 
 8.50823078e-06  2.14800941e-07 
 8.51823078e-06  2.14750121e-07 
 8.52823078e-06  2.14699512e-07 
 8.53823078e-06  2.14649113e-07 
 8.54823078e-06  2.14598922e-07 
 8.55823078e-06  2.14548939e-07 
 8.56823078e-06  2.14499162e-07 
 8.57823078e-06  2.14449592e-07 
 8.58823078e-06  2.14400226e-07 
 8.59823078e-06  2.14351064e-07 
 8.60823078e-06  2.14302105e-07 
 8.61823078e-06  2.14253347e-07 
 8.62823078e-06  2.14204791e-07 
 8.63823078e-06  2.14156435e-07 
 8.64823078e-06  2.14108278e-07 
 8.65823078e-06  2.14060319e-07 
 8.66823078e-06  2.14012557e-07 
 8.67823078e-06  2.13964991e-07 
 8.68823078e-06  2.13917621e-07 
 8.69823078e-06  2.13870445e-07 
 8.70823078e-06  2.13823463e-07 
 8.71823078e-06  2.13776673e-07 
 8.72823078e-06  2.13730075e-07 
 8.73823078e-06  2.13683668e-07 
 8.74823078e-06  2.13637451e-07 
 8.75823078e-06  2.13591423e-07 
 8.76823078e-06  2.13545583e-07 
 8.77823078e-06  2.13499930e-07 
 8.78823078e-06  2.13454464e-07 
 8.79823078e-06  2.13409183e-07 
 8.80823078e-06  2.13364087e-07 
 8.81823078e-06  2.13319175e-07 
 8.82823078e-06  2.13274446e-07 
 8.83823078e-06  2.13229899e-07 
 8.84823078e-06  2.13185533e-07 
 8.85823078e-06  2.13141348e-07 
 8.86823078e-06  2.13097342e-07 
 8.87823078e-06  2.13053515e-07 
 8.88823078e-06  2.13009866e-07 
 8.89823078e-06  2.12966394e-07 
 8.90823078e-06  2.12923099e-07 
 8.91823078e-06  2.12879979e-07 
 8.92823078e-06  2.12837034e-07 
 8.93823078e-06  2.12794263e-07 
 8.94823078e-06  2.12751664e-07 
 8.95823078e-06  2.12709239e-07 
 8.96823078e-06  2.12666984e-07 
 8.97823078e-06  2.12624901e-07 
 8.98823078e-06  2.12582988e-07 
 8.99823078e-06  2.12541243e-07 
 9.00823078e-06  2.12499667e-07 
 9.01823078e-06  2.12458259e-07 
 9.02823078e-06  2.12417018e-07 
 9.03823078e-06  2.12375943e-07 
 9.04823078e-06  2.12335033e-07 
 9.05823078e-06  2.12294288e-07 
 9.06823078e-06  2.12253707e-07 
 9.07823078e-06  2.12213289e-07 
 9.08823078e-06  2.12173033e-07 
 9.09823078e-06  2.12132940e-07 
 9.10823078e-06  2.12093007e-07 
 9.11823078e-06  2.12053234e-07 
 9.12823078e-06  2.12013621e-07 
 9.13823078e-06  2.11974166e-07 
 9.14823078e-06  2.11934870e-07 
 9.15823078e-06  2.11895731e-07 
 9.16823078e-06  2.11856749e-07 
 9.17823078e-06  2.11817922e-07 
 9.18823078e-06  2.11779251e-07 
 9.19823078e-06  2.11740734e-07 
 9.20823078e-06  2.11702372e-07 
 9.21823078e-06  2.11664162e-07 
 9.22823078e-06  2.11626105e-07 
 9.23823078e-06  2.11588200e-07 
 9.24823078e-06  2.11550446e-07 
 9.25823078e-06  2.11512842e-07 
 9.26823078e-06  2.11475388e-07 
 9.27823078e-06  2.11438083e-07 
 9.28823078e-06  2.11400927e-07 
 9.29823078e-06  2.11363918e-07 
 9.30823078e-06  2.11327057e-07 
 9.31823078e-06  2.11290342e-07 
 9.32823078e-06  2.11253773e-07 
 9.33823078e-06  2.11217349e-07 
 9.34823078e-06  2.11181069e-07 
 9.35823078e-06  2.11144934e-07 
 9.36823078e-06  2.11108942e-07 
 9.37823078e-06  2.11073092e-07 
 9.38823078e-06  2.11037384e-07 
 9.39823078e-06  2.11001818e-07 
 9.40823078e-06  2.10966393e-07 
 9.41823078e-06  2.10931107e-07 
 9.42823078e-06  2.10895961e-07 
 9.43823078e-06  2.10860954e-07 
 9.44823078e-06  2.10826086e-07 
 9.45823078e-06  2.10791355e-07 
 9.46823078e-06  2.10756761e-07 
 9.47823078e-06  2.10722303e-07 
 9.48823078e-06  2.10687982e-07 
 9.49823078e-06  2.10653795e-07 
 9.50823078e-06  2.10619744e-07 
 9.51823078e-06  2.10585826e-07 
 9.52823078e-06  2.10552042e-07 
 9.53823078e-06  2.10518391e-07 
 9.54823078e-06  2.10484872e-07 
 9.55823078e-06  2.10451486e-07 
 9.56823078e-06  2.10418230e-07 
 9.57823078e-06  2.10385105e-07 
 9.58823078e-06  2.10352110e-07 
 9.59823078e-06  2.10319244e-07 
 9.60823078e-06  2.10286507e-07 
 9.61823078e-06  2.10253899e-07 
 9.62823078e-06  2.10221419e-07 
 9.63823078e-06  2.10189065e-07 
 9.64823078e-06  2.10156839e-07 
 9.65823078e-06  2.10124739e-07 
 9.66823078e-06  2.10092764e-07 
 9.67823078e-06  2.10060914e-07 
 9.68823078e-06  2.10029189e-07 
 9.69823078e-06  2.09997588e-07 
 9.70823078e-06  2.09966110e-07 
 9.71823078e-06  2.09934756e-07 
 9.72823078e-06  2.09903523e-07 
 9.73823078e-06  2.09872413e-07 
 9.74823078e-06  2.09841424e-07 
 9.75823078e-06  2.09810556e-07 
 9.76823078e-06  2.09779808e-07 
 9.77823078e-06  2.09749179e-07 
 9.78823078e-06  2.09718671e-07 
 9.79823078e-06  2.09688280e-07 
 9.80823078e-06  2.09658008e-07 
 9.81823078e-06  2.09627854e-07 
 9.82823078e-06  2.09597817e-07 
 9.83823078e-06  2.09567897e-07 
 9.84823078e-06  2.09538093e-07 
 9.85823078e-06  2.09508405e-07 
 9.86823078e-06  2.09478832e-07 
 9.87823078e-06  2.09449374e-07 
 9.88823078e-06  2.09420030e-07 
 9.89823078e-06  2.09390800e-07 
 9.90823078e-06  2.09361683e-07 
 9.91823078e-06  2.09332679e-07 
 9.92823078e-06  2.09303788e-07 
 9.93823078e-06  2.09275008e-07 
 9.94823078e-06  2.09246340e-07 
 9.95823078e-06  2.09217782e-07 
 9.96823078e-06  2.09189335e-07 
 9.97823078e-06  2.09160998e-07 
 9.98823078e-06  2.09132771e-07 
 9.99823078e-06  2.09104652e-07 
 1.00082308e-05  2.09076642e-07 
 1.00182308e-05  2.09048741e-07 
 1.00282308e-05  2.09020946e-07 
 1.00382308e-05  2.08993260e-07 
 1.00482308e-05  2.08965680e-07 
 1.00582308e-05  2.08938206e-07 
 1.00682308e-05  2.08910838e-07 
 1.00782308e-05  2.08883575e-07 
 1.00882308e-05  2.08856418e-07 
 1.00982308e-05  2.08829365e-07 
 1.01082308e-05  2.08802416e-07 
 1.01182308e-05  2.08775571e-07 
 1.01282308e-05  2.08748829e-07 
 1.01382308e-05  2.08722190e-07 
 1.01482308e-05  2.08695653e-07 
 1.01582308e-05  2.08669218e-07 
 1.01682308e-05  2.08642885e-07 
 1.01782308e-05  2.08616653e-07 
 1.01882308e-05  2.08590521e-07 
 1.01982308e-05  2.08564490e-07 
 1.02082308e-05  2.08538558e-07 
 1.02182308e-05  2.08512726e-07 
 1.02282308e-05  2.08486993e-07 
 1.02382308e-05  2.08461358e-07 
 1.02482308e-05  2.08435822e-07 
 1.02582308e-05  2.08410383e-07 
 1.02682308e-05  2.08385042e-07 
 1.02782308e-05  2.08359798e-07 
 1.02882308e-05  2.08334650e-07 
 1.02982308e-05  2.08309598e-07 
 1.03082308e-05  2.08284642e-07 
 1.03182308e-05  2.08259782e-07 
 1.03282308e-05  2.08235016e-07 
 1.03382308e-05  2.08210345e-07 
 1.03482308e-05  2.08185768e-07 
 1.03582308e-05  2.08161285e-07 
 1.03682308e-05  2.08136895e-07 
 1.03782308e-05  2.08112599e-07 
 1.03882308e-05  2.08088395e-07 
 1.03982308e-05  2.08064283e-07 
 1.04082308e-05  2.08040263e-07 
 1.04182308e-05  2.08016334e-07 
 1.04282308e-05  2.07992497e-07 
 1.04382308e-05  2.07968750e-07 
 1.04482308e-05  2.07945094e-07 
 1.04582308e-05  2.07921527e-07 
 1.04682308e-05  2.07898051e-07 
 1.04782308e-05  2.07874663e-07 
 1.04882308e-05  2.07851364e-07 
 1.04982308e-05  2.07828154e-07 
 1.05082308e-05  2.07805032e-07 
 1.05182308e-05  2.07781998e-07 
 1.05282308e-05  2.07759051e-07 
 1.05382308e-05  2.07736192e-07 
 1.05482308e-05  2.07713419e-07 
 1.05582308e-05  2.07690732e-07 
 1.05682308e-05  2.07668131e-07 
 1.05782308e-05  2.07645616e-07 
 1.05882308e-05  2.07623187e-07 
 1.05982308e-05  2.07600842e-07 
 1.06082308e-05  2.07578582e-07 
 1.06182308e-05  2.07556406e-07 
 1.06282308e-05  2.07534314e-07 
 1.06382308e-05  2.07512305e-07 
 1.06482308e-05  2.07490380e-07 
 1.06582308e-05  2.07468538e-07 
 1.06682308e-05  2.07446778e-07 
 1.06782308e-05  2.07425101e-07 
 1.06882308e-05  2.07403505e-07 
 1.06982308e-05  2.07381991e-07 
 1.07082308e-05  2.07360558e-07 
 1.07182308e-05  2.07339206e-07 
 1.07282308e-05  2.07317935e-07 
 1.07382308e-05  2.07296744e-07 
 1.07482308e-05  2.07275633e-07 
 1.07582308e-05  2.07254601e-07 
 1.07682308e-05  2.07233649e-07 
 1.07782308e-05  2.07212775e-07 
 1.07882308e-05  2.07191980e-07 
 1.07982308e-05  2.07171264e-07 
 1.08082308e-05  2.07150625e-07 
 1.08182308e-05  2.07130065e-07 
 1.08282308e-05  2.07109581e-07 
 1.08382308e-05  2.07089175e-07 
 1.08482308e-05  2.07068845e-07 
 1.08582308e-05  2.07048592e-07 
 1.08682308e-05  2.07028415e-07 
 1.08782308e-05  2.07008313e-07 
 1.08882308e-05  2.06988288e-07 
 1.08982308e-05  2.06968337e-07 
 1.09082308e-05  2.06948461e-07 
 1.09182308e-05  2.06928660e-07 
 1.09282308e-05  2.06908934e-07 
 1.09382308e-05  2.06889281e-07 
 1.09482308e-05  2.06869702e-07 
 1.09582308e-05  2.06850196e-07 
 1.09682308e-05  2.06830764e-07 
 1.09782308e-05  2.06811404e-07 
 1.09882308e-05  2.06792117e-07 
 1.09982308e-05  2.06772902e-07 
 1.10082308e-05  2.06753759e-07 
 1.10182308e-05  2.06734688e-07 
 1.10282308e-05  2.06715688e-07 
 1.10382308e-05  2.06696759e-07 
 1.10482308e-05  2.06677901e-07 
 1.10582308e-05  2.06659114e-07 
 1.10682308e-05  2.06640396e-07 
 1.10782308e-05  2.06621749e-07 
 1.10882308e-05  2.06603172e-07 
 1.10982308e-05  2.06584663e-07 
 1.11082308e-05  2.06566224e-07 
 1.11182308e-05  2.06547854e-07 
 1.11282308e-05  2.06529553e-07 
 1.11382308e-05  2.06511319e-07 
 1.11482308e-05  2.06493154e-07 
 1.11582308e-05  2.06475057e-07 
 1.11682308e-05  2.06457027e-07 
 1.11782308e-05  2.06439064e-07 
 1.11882308e-05  2.06421168e-07 
 1.11982308e-05  2.06403339e-07 
 1.12082308e-05  2.06385577e-07 
 1.12182308e-05  2.06367880e-07 
 1.12282308e-05  2.06350250e-07 
 1.12382308e-05  2.06332685e-07 
 1.12482308e-05  2.06315185e-07 
 1.12582308e-05  2.06297751e-07 
 1.12682308e-05  2.06280381e-07 
 1.12782308e-05  2.06263077e-07 
 1.12882308e-05  2.06245836e-07 
 1.12982308e-05  2.06228660e-07 
 1.13082308e-05  2.06211547e-07 
 1.13182308e-05  2.06194498e-07 
 1.13282308e-05  2.06177512e-07 
 1.13382308e-05  2.06160590e-07 
 1.13482308e-05  2.06143730e-07 
 1.13582308e-05  2.06126933e-07 
 1.13682308e-05  2.06110199e-07 
 1.13782308e-05  2.06093526e-07 
 1.13882308e-05  2.06076915e-07 
 1.13982308e-05  2.06060366e-07 
 1.14082308e-05  2.06043878e-07 
 1.14182308e-05  2.06027452e-07 
 1.14282308e-05  2.06011086e-07 
 1.14382308e-05  2.05994781e-07 
 1.14482308e-05  2.05978537e-07 
 1.14582308e-05  2.05962352e-07 
 1.14682308e-05  2.05946228e-07 
 1.14782308e-05  2.05930163e-07 
 1.14882308e-05  2.05914158e-07 
 1.14982308e-05  2.05898212e-07 
 1.15082308e-05  2.05882325e-07 
 1.15182308e-05  2.05866496e-07 
 1.15282308e-05  2.05850727e-07 
 1.15382308e-05  2.05835015e-07 
 1.15482308e-05  2.05819362e-07 
 1.15582308e-05  2.05803767e-07 
 1.15682308e-05  2.05788229e-07 
 1.15782308e-05  2.05772749e-07 
 1.15882308e-05  2.05757326e-07 
 1.15982308e-05  2.05741959e-07 
 1.16082308e-05  2.05726650e-07 
 1.16182308e-05  2.05711397e-07 
 1.16282308e-05  2.05696201e-07 
 1.16382308e-05  2.05681060e-07 
 1.16482308e-05  2.05665976e-07 
 1.16582308e-05  2.05650947e-07 
 1.16682308e-05  2.05635973e-07 
 1.16782308e-05  2.05621055e-07 
 1.16882308e-05  2.05606191e-07 
 1.16982308e-05  2.05591383e-07 
 1.17082308e-05  2.05576629e-07 
 1.17182308e-05  2.05561929e-07 
 1.17282308e-05  2.05547284e-07 
 1.17382308e-05  2.05532693e-07 
 1.17482308e-05  2.05518155e-07 
 1.17582308e-05  2.05503671e-07 
 1.17682308e-05  2.05489240e-07 
 1.17782308e-05  2.05474862e-07 
 1.17882308e-05  2.05460537e-07 
 1.17982308e-05  2.05446265e-07 
 1.18082308e-05  2.05432045e-07 
 1.18182308e-05  2.05417878e-07 
 1.18282308e-05  2.05403763e-07 
 1.18382308e-05  2.05389699e-07 
 1.18482308e-05  2.05375687e-07 
 1.18582308e-05  2.05361727e-07 
 1.18682308e-05  2.05347818e-07 
 1.18782308e-05  2.05333961e-07 
 1.18882308e-05  2.05320154e-07 
 1.18982308e-05  2.05306397e-07 
 1.19082308e-05  2.05292692e-07 
 1.19182308e-05  2.05279036e-07 
 1.19282308e-05  2.05265431e-07 
 1.19382308e-05  2.05251875e-07 
 1.19482308e-05  2.05238370e-07 
 1.19582308e-05  2.05224914e-07 
 1.19682308e-05  2.05211507e-07 
 1.19782308e-05  2.05198149e-07 
 1.19882308e-05  2.05184841e-07 
 1.19982308e-05  2.05171581e-07 
 1.20082308e-05  2.05158369e-07 
 1.20182308e-05  2.05145207e-07 
 1.20282308e-05  2.05132092e-07 
 1.20382308e-05  2.05119025e-07 
 1.20482308e-05  2.05106006e-07 
 1.20582308e-05  2.05093035e-07 
 1.20682308e-05  2.05080112e-07 
 1.20782308e-05  2.05067235e-07 
 1.20882308e-05  2.05054406e-07 
 1.20982308e-05  2.05041624e-07 
 1.21082308e-05  2.05028888e-07 
 1.21182308e-05  2.05016199e-07 
 1.21282308e-05  2.05003557e-07 
 1.21382308e-05  2.04990961e-07 
 1.21482308e-05  2.04978410e-07 
 1.21582308e-05  2.04965906e-07 
 1.21682308e-05  2.04953447e-07 
 1.21782308e-05  2.04941034e-07 
 1.21882308e-05  2.04928666e-07 
 1.21982308e-05  2.04916343e-07 
 1.22082308e-05  2.04904066e-07 
 1.22182308e-05  2.04891833e-07 
 1.22282308e-05  2.04879645e-07 
 1.22382308e-05  2.04867501e-07 
 1.22482308e-05  2.04855402e-07 
 1.22582308e-05  2.04843346e-07 
 1.22682308e-05  2.04831335e-07 
 1.22782308e-05  2.04819368e-07 
 1.22882308e-05  2.04807444e-07 
 1.22982308e-05  2.04795564e-07 
 1.23082308e-05  2.04783727e-07 
 1.23182308e-05  2.04771933e-07 
 1.23282308e-05  2.04760182e-07 
 1.23382308e-05  2.04748474e-07 
 1.23482308e-05  2.04736808e-07 
 1.23582308e-05  2.04725185e-07 
 1.23682308e-05  2.04713605e-07 
 1.23782308e-05  2.04702066e-07 
 1.23882308e-05  2.04690570e-07 
 1.23982308e-05  2.04679115e-07 
 1.24082308e-05  2.04667703e-07 
 1.24182308e-05  2.04656331e-07 
 1.24282308e-05  2.04645001e-07 
 1.24382308e-05  2.04633713e-07 
 1.24482308e-05  2.04622465e-07 
 1.24582308e-05  2.04611258e-07 
 1.24682308e-05  2.04600092e-07 
 1.24782308e-05  2.04588967e-07 
 1.24882308e-05  2.04577882e-07 
 1.24982308e-05  2.04566837e-07 
 1.25082308e-05  2.04555833e-07 
 1.25182308e-05  2.04544868e-07 
 1.25282308e-05  2.04533943e-07 
 1.25382308e-05  2.04523058e-07 
 1.25482308e-05  2.04512213e-07 
 1.25582308e-05  2.04501407e-07 
 1.25682308e-05  2.04490640e-07 
 1.25782308e-05  2.04479912e-07 
 1.25882308e-05  2.04469223e-07 
 1.25982308e-05  2.04458573e-07 
 1.26082308e-05  2.04447962e-07 
 1.26182308e-05  2.04437389e-07 
 1.26282308e-05  2.04426855e-07 
 1.26382308e-05  2.04416358e-07 
 1.26482308e-05  2.04405900e-07 
 1.26582308e-05  2.04395480e-07 
 1.26682308e-05  2.04385097e-07 
 1.26782308e-05  2.04374752e-07 
 1.26882308e-05  2.04364445e-07 
 1.26982308e-05  2.04354175e-07 
 1.27082308e-05  2.04343942e-07 
 1.27182308e-05  2.04333746e-07 
 1.27282308e-05  2.04323587e-07 
 1.27382308e-05  2.04313465e-07 
 1.27482308e-05  2.04303380e-07 
 1.27582308e-05  2.04293331e-07 
 1.27682308e-05  2.04283319e-07 
 1.27782308e-05  2.04273342e-07 
 1.27882308e-05  2.04263402e-07 
 1.27982308e-05  2.04253498e-07 
 1.28082308e-05  2.04243630e-07 
 1.28182308e-05  2.04233797e-07 
 1.28282308e-05  2.04224000e-07 
 1.28382308e-05  2.04214239e-07 
 1.28482308e-05  2.04204512e-07 
 1.28582308e-05  2.04194821e-07 
 1.28682308e-05  2.04185165e-07 
 1.28782308e-05  2.04175544e-07 
 1.28882308e-05  2.04165958e-07 
 1.28982308e-05  2.04156406e-07 
 1.29082308e-05  2.04146889e-07 
 1.29182308e-05  2.04137406e-07 
 1.29282308e-05  2.04127957e-07 
 1.29382308e-05  2.04118543e-07 
 1.29482308e-05  2.04109162e-07 
 1.29582308e-05  2.04099816e-07 
 1.29682308e-05  2.04090503e-07 
 1.29782308e-05  2.04081224e-07 
 1.29882308e-05  2.04071978e-07 
 1.29982308e-05  2.04062766e-07 
 1.30082308e-05  2.04053587e-07 
 1.30182308e-05  2.04044441e-07 
 1.30282308e-05  2.04035328e-07 
 1.30382308e-05  2.04026248e-07 
 1.30482308e-05  2.04017201e-07 
 1.30582308e-05  2.04008186e-07 
 1.30682308e-05  2.03999204e-07 
 1.30782308e-05  2.03990254e-07 
 1.30882308e-05  2.03981336e-07 
 1.30982308e-05  2.03972451e-07 
 1.31082308e-05  2.03963598e-07 
 1.31182308e-05  2.03954776e-07 
 1.31282308e-05  2.03945987e-07 
 1.31382308e-05  2.03937229e-07 
 1.31482308e-05  2.03928502e-07 
 1.31582308e-05  2.03919807e-07 
 1.31682308e-05  2.03911144e-07 
 1.31782308e-05  2.03902511e-07 
 1.31882308e-05  2.03893910e-07 
 1.31982308e-05  2.03885339e-07 
 1.32082308e-05  2.03876800e-07 
 1.32182308e-05  2.03868291e-07 
 1.32282308e-05  2.03859813e-07 
 1.32382308e-05  2.03851365e-07 
 1.32482308e-05  2.03842948e-07 
 1.32582308e-05  2.03834561e-07 
 1.32682308e-05  2.03826204e-07 
 1.32782308e-05  2.03817877e-07 
 1.32882308e-05  2.03809581e-07 
 1.32982308e-05  2.03801314e-07 
 1.33082308e-05  2.03793076e-07 
 1.33182308e-05  2.03784869e-07 
 1.33282308e-05  2.03776691e-07 
 1.33382308e-05  2.03768542e-07 
 1.33482308e-05  2.03760423e-07 
 1.33582308e-05  2.03752332e-07 
 1.33682308e-05  2.03744271e-07 
 1.33782308e-05  2.03736239e-07 
 1.33882308e-05  2.03728236e-07 
 1.33982308e-05  2.03720261e-07 
 1.34082308e-05  2.03712315e-07 
 1.34182308e-05  2.03704398e-07 
 1.34282308e-05  2.03696509e-07 
 1.34382308e-05  2.03688648e-07 
 1.34482308e-05  2.03680816e-07 
 1.34582308e-05  2.03673011e-07 
 1.34682308e-05  2.03665235e-07 
 1.34782308e-05  2.03657487e-07 
 1.34882308e-05  2.03649766e-07 
 1.34982308e-05  2.03642073e-07 
 1.35082308e-05  2.03634408e-07 
 1.35182308e-05  2.03626770e-07 
 1.35282308e-05  2.03619160e-07 
 1.35382308e-05  2.03611577e-07 
 1.35482308e-05  2.03604021e-07 
 1.35582308e-05  2.03596492e-07 
 1.35682308e-05  2.03588990e-07 
 1.35782308e-05  2.03581515e-07 
 1.35882308e-05  2.03574067e-07 
 1.35982308e-05  2.03566646e-07 
 1.36082308e-05  2.03559251e-07 
 1.36182308e-05  2.03551883e-07 
 1.36282308e-05  2.03544541e-07 
 1.36382308e-05  2.03537225e-07 
 1.36482308e-05  2.03529936e-07 
 1.36582308e-05  2.03522673e-07 
 1.36682308e-05  2.03515436e-07 
 1.36782308e-05  2.03508224e-07 
 1.36882308e-05  2.03501039e-07 
 1.36982308e-05  2.03493879e-07 
 1.37082308e-05  2.03486745e-07 
 1.37182308e-05  2.03479636e-07 
 1.37282308e-05  2.03472553e-07 
 1.37382308e-05  2.03465496e-07 
 1.37482308e-05  2.03458463e-07 
 1.37582308e-05  2.03451456e-07 
 1.37682308e-05  2.03444473e-07 
 1.37782308e-05  2.03437516e-07 
 1.37882308e-05  2.03430584e-07 
 1.37982308e-05  2.03423676e-07 
 1.38082308e-05  2.03416793e-07 
 1.38182308e-05  2.03409935e-07 
 1.38282308e-05  2.03403101e-07 
 1.38382308e-05  2.03396292e-07 
 1.38482308e-05  2.03389507e-07 
 1.38582308e-05  2.03382746e-07 
 1.38682308e-05  2.03376010e-07 
 1.38782308e-05  2.03369297e-07 
 1.38882308e-05  2.03362609e-07 
 1.38982308e-05  2.03355944e-07 
 1.39082308e-05  2.03349304e-07 
 1.39182308e-05  2.03342687e-07 
 1.39282308e-05  2.03336093e-07 
 1.39382308e-05  2.03329524e-07 
 1.39482308e-05  2.03322977e-07 
 1.39582308e-05  2.03316454e-07 
 1.39682308e-05  2.03309955e-07 
 1.39782308e-05  2.03303478e-07 
 1.39882308e-05  2.03297025e-07 
 1.39982308e-05  2.03290595e-07 
 1.40082308e-05  2.03284187e-07 
 1.40182308e-05  2.03277803e-07 
 1.40282308e-05  2.03271441e-07 
 1.40382308e-05  2.03265103e-07 
 1.40482308e-05  2.03258786e-07 
 1.40582308e-05  2.03252493e-07 
 1.40682308e-05  2.03246221e-07 
 1.40782308e-05  2.03239972e-07 
 1.40882308e-05  2.03233746e-07 
 1.40982308e-05  2.03227541e-07 
 1.41082308e-05  2.03221359e-07 
 1.41182308e-05  2.03215199e-07 
 1.41282308e-05  2.03209061e-07 
 1.41382308e-05  2.03202944e-07 
 1.41482308e-05  2.03196850e-07 
 1.41582308e-05  2.03190777e-07 
 1.41682308e-05  2.03184726e-07 
 1.41782308e-05  2.03178696e-07 
 1.41882308e-05  2.03172688e-07 
 1.41982308e-05  2.03166701e-07 
 1.42082308e-05  2.03160736e-07 
 1.42182308e-05  2.03154792e-07 
 1.42282308e-05  2.03148869e-07 
 1.42382308e-05  2.03142967e-07 
 1.42482308e-05  2.03137087e-07 
 1.42582308e-05  2.03131227e-07 
 1.42682308e-05  2.03125388e-07 
 1.42782308e-05  2.03119570e-07 
 1.42882308e-05  2.03113772e-07 
 1.42982308e-05  2.03107996e-07 
 1.43082308e-05  2.03102239e-07 
 1.43182308e-05  2.03096504e-07 
 1.43282308e-05  2.03090788e-07 
 1.43382308e-05  2.03085094e-07 
 1.43482308e-05  2.03079419e-07 
 1.43582308e-05  2.03073764e-07 
 1.43682308e-05  2.03068130e-07 
 1.43782308e-05  2.03062516e-07 
 1.43882308e-05  2.03056922e-07 
 1.43982308e-05  2.03051347e-07 
 1.44082308e-05  2.03045793e-07 
 1.44182308e-05  2.03040258e-07 
 1.44282308e-05  2.03034743e-07 
 1.44382308e-05  2.03029248e-07 
 1.44482308e-05  2.03023772e-07 
 1.44582308e-05  2.03018315e-07 
 1.44682308e-05  2.03012878e-07 
 1.44782308e-05  2.03007461e-07 
 1.44882308e-05  2.03002062e-07 
 1.44982308e-05  2.02996683e-07 
 1.45082308e-05  2.02991323e-07 
 1.45182308e-05  2.02985982e-07 
 1.45282308e-05  2.02980660e-07 
 1.45382308e-05  2.02975357e-07 
 1.45482308e-05  2.02970072e-07 
 1.45582308e-05  2.02964807e-07 
 1.45682308e-05  2.02959560e-07 
 1.45782308e-05  2.02954332e-07 
 1.45882308e-05  2.02949123e-07 
 1.45982308e-05  2.02943932e-07 
 1.46082308e-05  2.02938759e-07 
 1.46182308e-05  2.02933605e-07 
 1.46282308e-05  2.02928469e-07 
 1.46382308e-05  2.02923351e-07 
 1.46482308e-05  2.02918252e-07 
 1.46582308e-05  2.02913170e-07 
 1.46682308e-05  2.02908107e-07 
 1.46782308e-05  2.02903062e-07 
 1.46882308e-05  2.02898034e-07 
 1.46982308e-05  2.02893025e-07 
 1.47082308e-05  2.02888033e-07 
 1.47182308e-05  2.02883059e-07 
 1.47282308e-05  2.02878103e-07 
 1.47382308e-05  2.02873164e-07 
 1.47482308e-05  2.02868243e-07 
 1.47582308e-05  2.02863339e-07 
 1.47682308e-05  2.02858452e-07 
 1.47782308e-05  2.02853583e-07 
 1.47882308e-05  2.02848732e-07 
 1.47982308e-05  2.02843897e-07 
 1.48082308e-05  2.02839080e-07 
 1.48182308e-05  2.02834279e-07 
 1.48282308e-05  2.02829496e-07 
 1.48382308e-05  2.02824730e-07 
 1.48482308e-05  2.02819980e-07 
 1.48582308e-05  2.02815248e-07 
 1.48682308e-05  2.02810532e-07 
 1.48782308e-05  2.02805833e-07 
 1.48882308e-05  2.02801151e-07 
 1.48982308e-05  2.02796485e-07 
 1.49082308e-05  2.02791836e-07 
 1.49182308e-05  2.02787203e-07 
 1.49282308e-05  2.02782587e-07 
 1.49382308e-05  2.02777987e-07 
 1.49482308e-05  2.02773403e-07 
 1.49582308e-05  2.02768836e-07 
 1.49682308e-05  2.02764284e-07 
 1.49782308e-05  2.02759749e-07 
 1.49882308e-05  2.02755230e-07 
 1.49982308e-05  2.02750727e-07 
 1.50082308e-05  2.02746240e-07 
 1.50182308e-05  2.02741769e-07 
 1.50282308e-05  2.02737314e-07 
 1.50382308e-05  2.02732874e-07 
 1.50482308e-05  2.02728450e-07 
 1.50582308e-05  2.02724042e-07 
 1.50682308e-05  2.02719650e-07 
 1.50782308e-05  2.02715273e-07 
 1.50882308e-05  2.02710911e-07 
 1.50982308e-05  2.02706565e-07 
 1.51082308e-05  2.02702235e-07 
 1.51182308e-05  2.02697920e-07 
 1.51282308e-05  2.02693620e-07 
 1.51382308e-05  2.02689335e-07 
 1.51482308e-05  2.02685065e-07 
 1.51582308e-05  2.02680811e-07 
 1.51682308e-05  2.02676571e-07 
 1.51782308e-05  2.02672347e-07 
 1.51882308e-05  2.02668137e-07 
 1.51982308e-05  2.02663943e-07 
 1.52082308e-05  2.02659763e-07 
 1.52182308e-05  2.02655598e-07 
 1.52282308e-05  2.02651448e-07 
 1.52382308e-05  2.02647313e-07 
 1.52482308e-05  2.02643192e-07 
 1.52582308e-05  2.02639085e-07 
 1.52682308e-05  2.02634994e-07 
 1.52782308e-05  2.02630916e-07 
 1.52882308e-05  2.02626854e-07 
 1.52982308e-05  2.02622805e-07 
 1.53082308e-05  2.02618771e-07 
 1.53182308e-05  2.02614751e-07 
 1.53282308e-05  2.02610745e-07 
 1.53382308e-05  2.02606754e-07 
 1.53482308e-05  2.02602776e-07 
 1.53582308e-05  2.02598813e-07 
 1.53682308e-05  2.02594864e-07 
 1.53782308e-05  2.02590928e-07 
 1.53882308e-05  2.02587007e-07 
 1.53982308e-05  2.02583099e-07 
 1.54082308e-05  2.02579206e-07 
 1.54182308e-05  2.02575326e-07 
 1.54282308e-05  2.02571459e-07 
 1.54382308e-05  2.02567607e-07 
 1.54482308e-05  2.02563768e-07 
 1.54582308e-05  2.02559942e-07 
 1.54682308e-05  2.02556130e-07 
 1.54782308e-05  2.02552332e-07 
 1.54882308e-05  2.02548547e-07 
 1.54982308e-05  2.02544775e-07 
 1.55082308e-05  2.02541017e-07 
 1.55182308e-05  2.02537272e-07 
 1.55282308e-05  2.02533540e-07 
 1.55382308e-05  2.02529822e-07 
 1.55482308e-05  2.02526116e-07 
 1.55582308e-05  2.02522424e-07 
 1.55682308e-05  2.02518744e-07 
 1.55782308e-05  2.02515078e-07 
 1.55882308e-05  2.02511425e-07 
 1.55982308e-05  2.02507784e-07 
 1.56082308e-05  2.02504156e-07 
 1.56182308e-05  2.02500542e-07 
 1.56282308e-05  2.02496939e-07 
 1.56382308e-05  2.02493350e-07 
 1.56482308e-05  2.02489773e-07 
 1.56582308e-05  2.02486209e-07 
 1.56682308e-05  2.02482658e-07 
 1.56782308e-05  2.02479119e-07 
 1.56882308e-05  2.02475592e-07 
 1.56982308e-05  2.02472078e-07 
 1.57082308e-05  2.02468577e-07 
 1.57182308e-05  2.02465088e-07 
 1.57282308e-05  2.02461611e-07 
 1.57382308e-05  2.02458146e-07 
 1.57482308e-05  2.02454694e-07 
 1.57582308e-05  2.02451253e-07 
 1.57682308e-05  2.02447825e-07 
 1.57782308e-05  2.02444409e-07 
 1.57882308e-05  2.02441005e-07 
 1.57982308e-05  2.02437613e-07 
 1.58082308e-05  2.02434233e-07 
 1.58182308e-05  2.02430865e-07 
 1.58282308e-05  2.02427509e-07 
 1.58382308e-05  2.02424165e-07 
 1.58482308e-05  2.02420832e-07 
 1.58582308e-05  2.02417512e-07 
 1.58682308e-05  2.02414202e-07 
 1.58782308e-05  2.02410905e-07 
 1.58882308e-05  2.02407619e-07 
 1.58982308e-05  2.02404345e-07 
 1.59082308e-05  2.02401082e-07 
 1.59182308e-05  2.02397831e-07 
 1.59282308e-05  2.02394592e-07 
 1.59382308e-05  2.02391363e-07 
 1.59482308e-05  2.02388147e-07 
 1.59582308e-05  2.02384941e-07 
 1.59682308e-05  2.02381747e-07 
 1.59782308e-05  2.02378564e-07 
 1.59882308e-05  2.02375392e-07 
 1.59982308e-05  2.02372231e-07 
 1.60082308e-05  2.02369082e-07 
 1.60182308e-05  2.02365944e-07 
 1.60282308e-05  2.02362816e-07 
 1.60382308e-05  2.02359700e-07 
 1.60482308e-05  2.02356595e-07 
 1.60582308e-05  2.02353501e-07 
 1.60682308e-05  2.02350417e-07 
 1.60782308e-05  2.02347345e-07 
 1.60882308e-05  2.02344283e-07 
 1.60982308e-05  2.02341232e-07 
 1.61082308e-05  2.02338192e-07 
 1.61182308e-05  2.02335162e-07 
 1.61282308e-05  2.02332144e-07 
 1.61382308e-05  2.02329135e-07 
 1.61482308e-05  2.02326138e-07 
 1.61582308e-05  2.02323151e-07 
 1.61682308e-05  2.02320174e-07 
 1.61782308e-05  2.02317208e-07 
 1.61882308e-05  2.02314253e-07 
 1.61982308e-05  2.02311307e-07 
 1.62082308e-05  2.02308373e-07 
 1.62182308e-05  2.02305448e-07 
 1.62282308e-05  2.02302534e-07 
 1.62382308e-05  2.02299630e-07 
 1.62482308e-05  2.02296737e-07 
 1.62582308e-05  2.02293853e-07 
 1.62682308e-05  2.02290980e-07 
 1.62782308e-05  2.02288117e-07 
 1.62882308e-05  2.02285263e-07 
 1.62982308e-05  2.02282420e-07 
 1.63082308e-05  2.02279587e-07 
 1.63182308e-05  2.02276764e-07 
 1.63282308e-05  2.02273951e-07 
 1.63382308e-05  2.02271148e-07 
 1.63482308e-05  2.02268354e-07 
 1.63582308e-05  2.02265571e-07 
 1.63682308e-05  2.02262797e-07 
 1.63782308e-05  2.02260033e-07 
 1.63882308e-05  2.02257279e-07 
 1.63982308e-05  2.02254534e-07 
 1.64082308e-05  2.02251799e-07 
 1.64182308e-05  2.02249074e-07 
 1.64282308e-05  2.02246358e-07 
 1.64382308e-05  2.02243652e-07 
 1.64482308e-05  2.02240955e-07 
 1.64582308e-05  2.02238268e-07 
 1.64682308e-05  2.02235590e-07 
 1.64782308e-05  2.02232922e-07 
 1.64882308e-05  2.02230263e-07 
 1.64982308e-05  2.02227614e-07 
 1.65082308e-05  2.02224973e-07 
 1.65182308e-05  2.02222342e-07 
 1.65282308e-05  2.02219721e-07 
 1.65382308e-05  2.02217108e-07 
 1.65482308e-05  2.02214505e-07 
 1.65582308e-05  2.02211911e-07 
 1.65682308e-05  2.02209326e-07 
 1.65782308e-05  2.02206750e-07 
 1.65882308e-05  2.02204183e-07 
 1.65982308e-05  2.02201625e-07 
 1.66082308e-05  2.02199076e-07 
 1.66182308e-05  2.02196537e-07 
 1.66282308e-05  2.02194006e-07 
 1.66382308e-05  2.02191484e-07 
 1.66482308e-05  2.02188970e-07 
 1.66582308e-05  2.02186466e-07 
 1.66682308e-05  2.02183971e-07 
 1.66782308e-05  2.02181484e-07 
 1.66882308e-05  2.02179006e-07 
 1.66982308e-05  2.02176536e-07 
 1.67082308e-05  2.02174076e-07 
 1.67182308e-05  2.02171624e-07 
 1.67282308e-05  2.02169180e-07 
 1.67382308e-05  2.02166746e-07 
 1.67482308e-05  2.02164319e-07 
 1.67582308e-05  2.02161902e-07 
 1.67682308e-05  2.02159493e-07 
 1.67782308e-05  2.02157092e-07 
 1.67882308e-05  2.02154700e-07 
 1.67982308e-05  2.02152316e-07 
 1.68082308e-05  2.02149940e-07 
 1.68182308e-05  2.02147573e-07 
 1.68282308e-05  2.02145214e-07 
 1.68382308e-05  2.02142864e-07 
 1.68482308e-05  2.02140521e-07 
 1.68582308e-05  2.02138187e-07 
 1.68682308e-05  2.02135861e-07 
 1.68782308e-05  2.02133544e-07 
 1.68882308e-05  2.02131234e-07 
 1.68982308e-05  2.02128933e-07 
 1.69082308e-05  2.02126639e-07 
 1.69182308e-05  2.02124354e-07 
 1.69282308e-05  2.02122077e-07 
 1.69382308e-05  2.02119807e-07 
 1.69482308e-05  2.02117546e-07 
 1.69582308e-05  2.02115293e-07 
 1.69682308e-05  2.02113047e-07 
 1.69782308e-05  2.02110810e-07 
 1.69882308e-05  2.02108580e-07 
 1.69982308e-05  2.02106358e-07 
 1.70082308e-05  2.02104144e-07 
 1.70182308e-05  2.02101938e-07 
 1.70282308e-05  2.02099739e-07 
 1.70382308e-05  2.02097548e-07 
 1.70482308e-05  2.02095365e-07 
 1.70582308e-05  2.02093189e-07 
 1.70682308e-05  2.02091022e-07 
 1.70782308e-05  2.02088861e-07 
 1.70882308e-05  2.02086709e-07 
 1.70982308e-05  2.02084564e-07 
 1.71082308e-05  2.02082426e-07 
 1.71182308e-05  2.02080296e-07 
 1.71282308e-05  2.02078173e-07 
 1.71382308e-05  2.02076058e-07 
 1.71482308e-05  2.02073951e-07 
 1.71582308e-05  2.02071850e-07 
 1.71682308e-05  2.02069757e-07 
 1.71782308e-05  2.02067672e-07 
 1.71882308e-05  2.02065593e-07 
 1.71982308e-05  2.02063522e-07 
 1.72082308e-05  2.02061459e-07 
 1.72182308e-05  2.02059402e-07 
 1.72282308e-05  2.02057353e-07 
 1.72382308e-05  2.02055311e-07 
 1.72482308e-05  2.02053276e-07 
 1.72582308e-05  2.02051248e-07 
 1.72682308e-05  2.02049228e-07 
 1.72782308e-05  2.02047214e-07 
 1.72882308e-05  2.02045207e-07 
 1.72982308e-05  2.02043208e-07 
 1.73082308e-05  2.02041216e-07 
 1.73182308e-05  2.02039230e-07 
 1.73282308e-05  2.02037252e-07 
 1.73382308e-05  2.02035280e-07 
 1.73482308e-05  2.02033315e-07 
 1.73582308e-05  2.02031358e-07 
 1.73682308e-05  2.02029407e-07 
 1.73782308e-05  2.02027463e-07 
 1.73882308e-05  2.02025526e-07 
 1.73982308e-05  2.02023595e-07 
 1.74082308e-05  2.02021671e-07 
 1.74182308e-05  2.02019755e-07 
 1.74282308e-05  2.02017844e-07 
 1.74382308e-05  2.02015941e-07 
 1.74482308e-05  2.02014044e-07 
 1.74582308e-05  2.02012154e-07 
 1.74682308e-05  2.02010270e-07 
 1.74782308e-05  2.02008394e-07 
 1.74882308e-05  2.02006523e-07 
 1.74982308e-05  2.02004659e-07 
 1.75082308e-05  2.02002802e-07 
 1.75182308e-05  2.02000951e-07 
 1.75282308e-05  2.01999107e-07 
 1.75382308e-05  2.01997269e-07 
 1.75482308e-05  2.01995438e-07 
 1.75582308e-05  2.01993613e-07 
 1.75682308e-05  2.01991795e-07 
 1.75782308e-05  2.01989983e-07 
 1.75882308e-05  2.01988177e-07 
 1.75982308e-05  2.01986377e-07 
 1.76082308e-05  2.01984584e-07 
 1.76182308e-05  2.01982797e-07 
 1.76282308e-05  2.01981017e-07 
 1.76382308e-05  2.01979242e-07 
 1.76482308e-05  2.01977474e-07 
 1.76582308e-05  2.01975712e-07 
 1.76682308e-05  2.01973956e-07 
 1.76782308e-05  2.01972207e-07 
 1.76882308e-05  2.01970463e-07 
 1.76982308e-05  2.01968726e-07 
 1.77082308e-05  2.01966995e-07 
 1.77182308e-05  2.01965269e-07 
 1.77282308e-05  2.01963550e-07 
 1.77382308e-05  2.01961837e-07 
 1.77482308e-05  2.01960130e-07 
 1.77582308e-05  2.01958429e-07 
 1.77682308e-05  2.01956734e-07 
 1.77782308e-05  2.01955044e-07 
 1.77882308e-05  2.01953361e-07 
 1.77982308e-05  2.01951684e-07 
 1.78082308e-05  2.01950012e-07 
 1.78182308e-05  2.01948346e-07 
 1.78282308e-05  2.01946686e-07 
 1.78382308e-05  2.01945032e-07 
 1.78482308e-05  2.01943384e-07 
 1.78582308e-05  2.01941742e-07 
 1.78682308e-05  2.01940105e-07 
 1.78782308e-05  2.01938474e-07 
 1.78882308e-05  2.01936849e-07 
 1.78982308e-05  2.01935229e-07 
 1.79082308e-05  2.01933615e-07 
 1.79182308e-05  2.01932007e-07 
 1.79282308e-05  2.01930404e-07 
 1.79382308e-05  2.01928807e-07 
 1.79482308e-05  2.01927216e-07 
 1.79582308e-05  2.01925630e-07 
 1.79682308e-05  2.01924050e-07 
 1.79782308e-05  2.01922475e-07 
 1.79882308e-05  2.01920906e-07 
 1.79982308e-05  2.01919342e-07 
 1.80082308e-05  2.01917784e-07 
 1.80182308e-05  2.01916231e-07 
 1.80282308e-05  2.01914683e-07 
 1.80382308e-05  2.01913141e-07 
 1.80482308e-05  2.01911605e-07 
 1.80582308e-05  2.01910074e-07 
 1.80682308e-05  2.01908548e-07 
 1.80782308e-05  2.01907027e-07 
 1.80882308e-05  2.01905512e-07 
 1.80982308e-05  2.01904002e-07 
 1.81082308e-05  2.01902498e-07 
 1.81182308e-05  2.01900999e-07 
 1.81282308e-05  2.01899504e-07 
 1.81382308e-05  2.01898016e-07 
 1.81482308e-05  2.01896532e-07 
 1.81582308e-05  2.01895054e-07 
 1.81682308e-05  2.01893580e-07 
 1.81782308e-05  2.01892112e-07 
 1.81882308e-05  2.01890649e-07 
 1.81982308e-05  2.01889192e-07 
 1.82082308e-05  2.01887739e-07 
 1.82182308e-05  2.01886291e-07 
 1.82282308e-05  2.01884849e-07 
 1.82382308e-05  2.01883411e-07 
 1.82482308e-05  2.01881979e-07 
 1.82582308e-05  2.01880551e-07 
 1.82682308e-05  2.01879129e-07 
 1.82782308e-05  2.01877711e-07 
 1.82882308e-05  2.01876299e-07 
 1.82982308e-05  2.01874891e-07 
 1.83082308e-05  2.01873489e-07 
 1.83182308e-05  2.01872091e-07 
 1.83282308e-05  2.01870698e-07 
 1.83382308e-05  2.01869310e-07 
 1.83482308e-05  2.01867927e-07 
 1.83582308e-05  2.01866549e-07 
 1.83682308e-05  2.01865175e-07 
 1.83782308e-05  2.01863806e-07 
 1.83882308e-05  2.01862443e-07 
 1.83982308e-05  2.01861084e-07 
 1.84082308e-05  2.01859729e-07 
 1.84182308e-05  2.01858380e-07 
 1.84282308e-05  2.01857035e-07 
 1.84382308e-05  2.01855695e-07 
 1.84482308e-05  2.01854359e-07 
 1.84582308e-05  2.01853028e-07 
 1.84682308e-05  2.01851702e-07 
 1.84782308e-05  2.01850381e-07 
 1.84882308e-05  2.01849064e-07 
 1.84982308e-05  2.01847751e-07 
 1.85082308e-05  2.01846444e-07 
 1.85182308e-05  2.01845141e-07 
 1.85282308e-05  2.01843842e-07 
 1.85382308e-05  2.01842548e-07 
 1.85482308e-05  2.01841259e-07 
 1.85582308e-05  2.01839974e-07 
 1.85682308e-05  2.01838693e-07 
 1.85782308e-05  2.01837417e-07 
 1.85882308e-05  2.01836146e-07 
 1.85982308e-05  2.01834879e-07 
 1.86082308e-05  2.01833616e-07 
 1.86182308e-05  2.01832358e-07 
 1.86282308e-05  2.01831104e-07 
 1.86382308e-05  2.01829854e-07 
 1.86482308e-05  2.01828609e-07 
 1.86582308e-05  2.01827369e-07 
 1.86682308e-05  2.01826132e-07 
 1.86782308e-05  2.01824900e-07 
 1.86882308e-05  2.01823672e-07 
 1.86982308e-05  2.01822449e-07 
 1.87082308e-05  2.01821230e-07 
 1.87182308e-05  2.01820015e-07 
 1.87282308e-05  2.01818804e-07 
 1.87382308e-05  2.01817598e-07 
 1.87482308e-05  2.01816395e-07 
 1.87582308e-05  2.01815197e-07 
 1.87682308e-05  2.01814004e-07 
 1.87782308e-05  2.01812814e-07 
 1.87882308e-05  2.01811628e-07 
 1.87982308e-05  2.01810447e-07 
 1.88082308e-05  2.01809270e-07 
 1.88182308e-05  2.01808097e-07 
 1.88282308e-05  2.01806928e-07 
 1.88382308e-05  2.01805763e-07 
 1.88482308e-05  2.01804602e-07 
 1.88582308e-05  2.01803445e-07 
 1.88682308e-05  2.01802293e-07 
 1.88782308e-05  2.01801144e-07 
 1.88882308e-05  2.01799999e-07 
 1.88982308e-05  2.01798858e-07 
 1.89082308e-05  2.01797722e-07 
 1.89182308e-05  2.01796589e-07 
 1.89282308e-05  2.01795460e-07 
 1.89382308e-05  2.01794335e-07 
 1.89482308e-05  2.01793215e-07 
 1.89582308e-05  2.01792098e-07 
 1.89682308e-05  2.01790985e-07 
 1.89782308e-05  2.01789875e-07 
 1.89882308e-05  2.01788770e-07 
 1.89982308e-05  2.01787669e-07 
 1.90082308e-05  2.01786571e-07 
 1.90182308e-05  2.01785477e-07 
 1.90282308e-05  2.01784387e-07 
 1.90382308e-05  2.01783301e-07 
 1.90482308e-05  2.01782219e-07 
 1.90582308e-05  2.01781141e-07 
 1.90682308e-05  2.01780066e-07 
 1.90782308e-05  2.01778995e-07 
 1.90882308e-05  2.01777928e-07 
 1.90982308e-05  2.01776864e-07 
 1.91082308e-05  2.01775804e-07 
 1.91182308e-05  2.01774748e-07 
 1.91282308e-05  2.01773696e-07 
 1.91382308e-05  2.01772647e-07 
 1.91482308e-05  2.01771602e-07 
 1.91582308e-05  2.01770560e-07 
 1.91682308e-05  2.01769523e-07 
 1.91782308e-05  2.01768488e-07 
 1.91882308e-05  2.01767458e-07 
 1.91982308e-05  2.01766431e-07 
 1.92082308e-05  2.01765408e-07 
 1.92182308e-05  2.01764388e-07 
 1.92282308e-05  2.01763372e-07 
 1.92382308e-05  2.01762359e-07 
 1.92482308e-05  2.01761350e-07 
 1.92582308e-05  2.01760344e-07 
 1.92682308e-05  2.01759342e-07 
 1.92782308e-05  2.01758344e-07 
 1.92882308e-05  2.01757349e-07 
 1.92982308e-05  2.01756357e-07 
 1.93082308e-05  2.01755369e-07 
 1.93182308e-05  2.01754384e-07 
 1.93282308e-05  2.01753403e-07 
 1.93382308e-05  2.01752425e-07 
 1.93482308e-05  2.01751451e-07 
 1.93582308e-05  2.01750480e-07 
 1.93682308e-05  2.01749512e-07 
 1.93782308e-05  2.01748548e-07 
 1.93882308e-05  2.01747587e-07 
 1.93982308e-05  2.01746629e-07 
 1.94082308e-05  2.01745675e-07 
 1.94182308e-05  2.01744724e-07 
 1.94282308e-05  2.01743777e-07 
 1.94382308e-05  2.01742833e-07 
 1.94482308e-05  2.01741892e-07 
 1.94582308e-05  2.01740954e-07 
 1.94682308e-05  2.01740020e-07 
 1.94782308e-05  2.01739089e-07 
 1.94882308e-05  2.01738161e-07 
 1.94982308e-05  2.01737236e-07 
 1.95082308e-05  2.01736315e-07 
 1.95182308e-05  2.01735397e-07 
 1.95282308e-05  2.01734482e-07 
 1.95382308e-05  2.01733570e-07 
 1.95482308e-05  2.01732662e-07 
 1.95582308e-05  2.01731756e-07 
 1.95682308e-05  2.01730854e-07 
 1.95782308e-05  2.01729955e-07 
 1.95882308e-05  2.01729059e-07 
 1.95982308e-05  2.01728166e-07 
 1.96082308e-05  2.01727277e-07 
 1.96182308e-05  2.01726390e-07 
 1.96282308e-05  2.01725507e-07 
 1.96382308e-05  2.01724626e-07 
 1.96482308e-05  2.01723749e-07 
 1.96582308e-05  2.01722875e-07 
 1.96682308e-05  2.01722003e-07 
 1.96782308e-05  2.01721135e-07 
 1.96882308e-05  2.01720270e-07 
 1.96982308e-05  2.01719408e-07 
 1.97082308e-05  2.01718549e-07 
 1.97182308e-05  2.01717693e-07 
 1.97282308e-05  2.01716840e-07 
 1.97382308e-05  2.01715990e-07 
 1.97482308e-05  2.01715143e-07 
 1.97582308e-05  2.01714298e-07 
 1.97682308e-05  2.01713457e-07 
 1.97782308e-05  2.01712619e-07 
 1.97882308e-05  2.01711783e-07 
 1.97982308e-05  2.01710951e-07 
 1.98082308e-05  2.01710121e-07 
 1.98182308e-05  2.01709295e-07 
 1.98282308e-05  2.01708471e-07 
 1.98382308e-05  2.01707650e-07 
 1.98482308e-05  2.01706832e-07 
 1.98582308e-05  2.01706017e-07 
 1.98682308e-05  2.01705205e-07 
 1.98782308e-05  2.01704395e-07 
 1.98882308e-05  2.01703588e-07 
 1.98982308e-05  2.01702785e-07 
 1.99082308e-05  2.01701983e-07 
 1.99182308e-05  2.01701185e-07 
 1.99282308e-05  2.01700390e-07 
 1.99382308e-05  2.01699597e-07 
 1.99482308e-05  2.01698807e-07 
 1.99582308e-05  2.01698020e-07 
 1.99682308e-05  2.01697236e-07 
 1.99782308e-05  2.01696454e-07 
 1.99882308e-05  2.01695675e-07 
 1.99982308e-05  2.01694899e-07 
 2.00000000e-05  2.01694762e-07 
