-4.00000000e+01  1.36531478e-07 
-3.90000000e+01  1.36649413e-07 
-3.80000000e+01  1.36913932e-07 
-3.70000000e+01  1.37104005e-07 
-3.60000000e+01  1.37293335e-07 
-3.50000000e+01  1.37481926e-07 
-3.40000000e+01  1.37669782e-07 
-3.30000000e+01  1.37856911e-07 
-3.20000000e+01  1.38043317e-07 
-3.10000000e+01  1.38229008e-07 
-3.00000000e+01  1.38413991e-07 
-2.90000000e+01  1.38598271e-07 
-2.80000000e+01  1.38781855e-07 
-2.70000000e+01  1.38964748e-07 
-2.60000000e+01  1.39146958e-07 
-2.50000000e+01  1.39328489e-07 
-2.40000000e+01  1.39509348e-07 
-2.30000000e+01  1.39689540e-07 
-2.20000000e+01  1.39869071e-07 
-2.10000000e+01  1.40047946e-07 
-2.00000000e+01  1.40226171e-07 
-1.90000000e+01  1.40403751e-07 
-1.80000000e+01  1.40580692e-07 
-1.70000000e+01  1.40756998e-07 
-1.60000000e+01  1.40932675e-07 
-1.50000000e+01  1.41107727e-07 
-1.40000000e+01  1.41282161e-07 
-1.30000000e+01  1.41455980e-07 
-1.20000000e+01  1.41629190e-07 
-1.10000000e+01  1.41801795e-07 
-1.00000000e+01  1.41973800e-07 
-9.00000000e+00  1.42145209e-07 
-8.00000000e+00  1.42316028e-07 
-7.00000000e+00  1.42486261e-07 
-6.00000000e+00  1.42655912e-07 
-5.00000000e+00  1.42824985e-07 
-4.00000000e+00  1.42993486e-07 
-3.00000000e+00  1.43161418e-07 
-2.00000000e+00  1.43328786e-07 
-1.00000000e+00  1.43495594e-07 
 0.00000000e+00  1.43661845e-07 
 1.00000000e+00  1.43827545e-07 
 2.00000000e+00  1.43992697e-07 
 3.00000000e+00  1.44157305e-07 
 4.00000000e+00  1.44321374e-07 
 5.00000000e+00  1.44484906e-07 
 6.00000000e+00  1.44647907e-07 
 7.00000000e+00  1.44810380e-07 
 8.00000000e+00  1.44972328e-07 
 9.00000000e+00  1.45133756e-07 
 1.00000000e+01  1.45294668e-07 
 1.10000000e+01  1.45455066e-07 
 1.20000000e+01  1.45614955e-07 
 1.30000000e+01  1.45774338e-07 
 1.40000000e+01  1.45933219e-07 
 1.50000000e+01  1.46091601e-07 
 1.60000000e+01  1.46249488e-07 
 1.70000000e+01  1.46406883e-07 
 1.80000000e+01  1.46563790e-07 
 1.90000000e+01  1.46720213e-07 
 2.00000000e+01  1.46876153e-07 
 2.10000000e+01  1.47031616e-07 
 2.20000000e+01  1.47186603e-07 
 2.30000000e+01  1.47341119e-07 
 2.40000000e+01  1.47495167e-07 
 2.50000000e+01  1.47648749e-07 
 2.60000000e+01  1.47801869e-07 
 2.70000000e+01  1.47954530e-07 
 2.80000000e+01  1.48106735e-07 
 2.90000000e+01  1.48258488e-07 
 3.00000000e+01  1.48409790e-07 
 3.10000000e+01  1.48560645e-07 
 3.20000000e+01  1.48711056e-07 
 3.30000000e+01  1.48861026e-07 
 3.40000000e+01  1.49010557e-07 
 3.50000000e+01  1.49159653e-07 
 3.60000000e+01  1.49308317e-07 
 3.70000000e+01  1.49456550e-07 
 3.80000000e+01  1.49604357e-07 
 3.90000000e+01  1.49751738e-07 
 4.00000000e+01  1.49898699e-07 
 4.10000000e+01  1.50045240e-07 
 4.20000000e+01  1.50191364e-07 
 4.30000000e+01  1.50337075e-07 
 4.40000000e+01  1.50482374e-07 
 4.50000000e+01  1.50627264e-07 
 4.60000000e+01  1.50771749e-07 
 4.70000000e+01  1.50915829e-07 
 4.80000000e+01  1.51059509e-07 
 4.90000000e+01  1.51202789e-07 
 5.00000000e+01  1.51345674e-07 
 5.10000000e+01  1.51488164e-07 
 5.20000000e+01  1.51630264e-07 
 5.30000000e+01  1.51771974e-07 
 5.40000000e+01  1.51913298e-07 
 5.50000000e+01  1.52054238e-07 
 5.60000000e+01  1.52194796e-07 
 5.70000000e+01  1.52334974e-07 
 5.80000000e+01  1.52474776e-07 
 5.90000000e+01  1.52614203e-07 
 6.00000000e+01  1.52753258e-07 
 6.10000000e+01  1.52891943e-07 
 6.20000000e+01  1.53030261e-07 
 6.30000000e+01  1.53168214e-07 
 6.40000000e+01  1.53305805e-07 
 6.50000000e+01  1.53443035e-07 
 6.60000000e+01  1.53579909e-07 
 6.70000000e+01  1.53716427e-07 
 6.80000000e+01  1.53852592e-07 
 6.90000000e+01  1.53988407e-07 
 7.00000000e+01  1.54123876e-07 
 7.10000000e+01  1.54258999e-07 
 7.20000000e+01  1.54393780e-07 
 7.30000000e+01  1.54528222e-07 
 7.40000000e+01  1.54662326e-07 
 7.50000000e+01  1.54796097e-07 
 7.60000000e+01  1.54929536e-07 
 7.70000000e+01  1.55062646e-07 
 7.80000000e+01  1.55195430e-07 
 7.90000000e+01  1.55327890e-07 
 8.00000000e+01  1.55460029e-07 
 8.10000000e+01  1.55591850e-07 
 8.20000000e+01  1.55723354e-07 
 8.30000000e+01  1.55854544e-07 
 8.40000000e+01  1.55985423e-07 
 8.50000000e+01  1.56115992e-07 
 8.60000000e+01  1.56246253e-07 
 8.70000000e+01  1.56376206e-07 
 8.80000000e+01  1.56505854e-07 
 8.90000000e+01  1.56635197e-07 
 9.00000000e+01  1.56764236e-07 
 9.10000000e+01  1.56892969e-07 
 9.20000000e+01  1.57021397e-07 
 9.30000000e+01  1.57149518e-07 
 9.40000000e+01  1.57277329e-07 
 9.50000000e+01  1.57404829e-07 
 9.60000000e+01  1.57532013e-07 
 9.70000000e+01  1.57658876e-07 
 9.80000000e+01  1.57785414e-07 
 9.90000000e+01  1.57911618e-07 
 1.00000000e+02  1.58037481e-07 
 1.01000000e+02  1.58162992e-07 
 1.02000000e+02  1.58288142e-07 
 1.03000000e+02  1.58412915e-07 
 1.04000000e+02  1.58537298e-07 
 1.05000000e+02  1.58661273e-07 
 1.06000000e+02  1.58784821e-07 
 1.07000000e+02  1.58907921e-07 
 1.08000000e+02  1.59030547e-07 
 1.09000000e+02  1.59152673e-07 
 1.10000000e+02  1.59274268e-07 
 1.11000000e+02  1.59395297e-07 
 1.12000000e+02  1.59515725e-07 
 1.13000000e+02  1.59635508e-07 
 1.14000000e+02  1.59754601e-07 
 1.15000000e+02  1.59872953e-07 
 1.16000000e+02  1.59990510e-07 
 1.17000000e+02  1.60107210e-07 
 1.18000000e+02  1.60222987e-07 
 1.19000000e+02  1.60337768e-07 
 1.20000000e+02  1.60451473e-07 
 1.21000000e+02  1.60564018e-07 
 1.22000000e+02  1.60675306e-07 
 1.23000000e+02  1.60785237e-07 
 1.24000000e+02  1.60893698e-07 
 1.25000000e+02  1.61000571e-07 
