 1.00000000e-02  8.00587554e-14 
 2.00000000e-02  1.60109226e-13 
 3.00000000e-02  2.40152328e-13 
 4.00000000e-02  3.20189686e-13 
 5.00000000e-02  4.00223446e-13 
 6.00000000e-02  4.80255697e-13 
 7.00000000e-02  5.60288131e-13 
 8.00000000e-02  6.40322045e-13 
 9.00000000e-02  7.20358479e-13 
 1.00000000e-01  8.00398336e-13 
 1.10000000e-01  8.80442466e-13 
 1.20000000e-01  9.60491724e-13 
 1.30000000e-01  1.04054701e-12 
 1.40000000e-01  1.12060929e-12 
 1.50000000e-01  1.20067964e-12 
 1.60000000e-01  1.28075928e-12 
 1.70000000e-01  1.36084954e-12 
 1.80000000e-01  1.44095199e-12 
 1.90000000e-01  1.52106836e-12 
 2.00000000e-01  1.60120066e-12 
 2.10000000e-01  1.68135120e-12 
 2.20000000e-01  1.76152259e-12 
 2.30000000e-01  1.84171786e-12 
 2.40000000e-01  1.92194048e-12 
 2.50000000e-01  2.00219442e-12 
 2.60000000e-01  2.08248427e-12 
 2.70000000e-01  2.16281530e-12 
 2.80000000e-01  2.24319358e-12 
 2.90000000e-01  2.32362609e-12 
 3.00000000e-01  2.40412088e-12 
 3.10000000e-01  2.48468723e-12 
 3.20000000e-01  2.56533579e-12 
 3.30000000e-01  2.64607887e-12 
 3.40000000e-01  2.72693061e-12 
 3.50000000e-01  2.80790729e-12 
 3.60000000e-01  2.88902762e-12 
 3.70000000e-01  2.97031308e-12 
 3.80000000e-01  3.05178836e-12 
 3.90000000e-01  3.13348171e-12 
 4.00000000e-01  3.21542547e-12 
 4.10000000e-01  3.29765657e-12 
 4.20000000e-01  3.38021713e-12 
 4.30000000e-01  3.46315504e-12 
 4.40000000e-01  3.54652468e-12 
 4.50000000e-01  3.63038764e-12 
 4.60000000e-01  3.71481355e-12 
 4.70000000e-01  3.79988098e-12 
 4.80000000e-01  3.88567848e-12 
 4.90000000e-01  3.97230581e-12 
 5.00000000e-01  4.05987543e-12 
 5.10000000e-01  4.14851434e-12 
 5.20000000e-01  4.23836649e-12 
 5.30000000e-01  4.32959593e-12 
 5.40000000e-01  4.42239097e-12 
 5.50000000e-01  4.51696979e-12 
 5.60000000e-01  4.61358795e-12 
 5.70000000e-01  4.71254865e-12 
 5.80000000e-01  4.81421661e-12 
 5.90000000e-01  4.91903733e-12 
 6.00000000e-01  5.02756402e-12 
 6.10000000e-01  5.14049634e-12 
 6.20000000e-01  5.25873769e-12 
 6.30000000e-01  5.38348336e-12 
 6.40000000e-01  5.51636281e-12 
 6.50000000e-01  5.65968371e-12 
 6.60000000e-01  5.81688431e-12 
 6.70000000e-01  5.99346352e-12 
 6.80000000e-01  6.19919338e-12 
 6.90000000e-01  6.45471664e-12 
 7.00000000e-01  6.82129219e-12 
 7.10000000e-01  1.53661503e-11 
 7.20000000e-01  1.78983493e-11 
 7.30000000e-01  2.21750869e-11 
 7.40000000e-01  1.44290446e-10 
 7.50000000e-01  1.77538336e-10 
 7.60000000e-01  2.28834258e-10 
 7.70000000e-01  2.91549863e-10 
 7.80000000e-01  3.68346378e-10 
 7.90000000e-01  4.62692638e-10 
 8.00000000e-01  5.78621199e-10 
 8.10000000e-01  7.20954984e-10 
 8.20000000e-01  8.95500946e-10 
 8.30000000e-01  1.10922939e-09 
 8.40000000e-01  1.37047982e-09 
 8.50000000e-01  1.68919217e-09 
 8.60000000e-01  2.07716121e-09 
 8.70000000e-01  2.54831092e-09 
 8.80000000e-01  3.11898270e-09 
 8.90000000e-01  3.80822733e-09 
 9.00000000e-01  4.63808569e-09 
 9.10000000e-01  5.63383780e-09 
 9.20000000e-01  6.82419310e-09 
 9.30000000e-01  8.24138860e-09 
 9.40000000e-01  9.92115543e-09 
 9.50000000e-01  1.19025100e-08 
 9.60000000e-01  1.42273242e-08 
 9.70000000e-01  1.69396329e-08 
 9.80000000e-01  2.00846429e-08 
 9.90000000e-01  2.37074220e-08 
 1.00000000e+00  2.78512559e-08 
 1.01000000e+00  3.25556708e-08 
 1.02000000e+00  3.78541184e-08 
 1.03000000e+00  4.37712959e-08 
 1.04000000e+00  5.03200355e-08 
 1.05000000e+00  5.74976238e-08 
 1.06000000e+00  6.52813087e-08 
 1.07000000e+00  7.36226158e-08 
 1.08000000e+00  8.24399397e-08 
 1.09000000e+00  9.16087834e-08 
 1.10000000e+00  1.00949243e-07 
 1.11000000e+00  1.10211651e-07 
 1.12000000e+00  1.19065571e-07 
 1.13000000e+00  1.27107667e-07 
 1.14000000e+00  1.33919163e-07 
 1.15000000e+00  1.39197823e-07 
 1.16000000e+00  1.42908298e-07 
 1.17000000e+00  1.45298132e-07 
 1.18000000e+00  1.46742281e-07 
 1.19000000e+00  1.47579319e-07 
 1.20000000e+00  1.48048362e-07 
 1.21000000e+00  1.48298950e-07 
 1.22000000e+00  1.48420362e-07 
 1.23000000e+00  1.48465663e-07 
 1.24000000e+00  1.48466829e-07 
 1.25000000e+00  1.48443477e-07 
 1.26000000e+00  1.48407789e-07 
 1.27000000e+00  1.48367321e-07 
 1.28000000e+00  1.48326638e-07 
 1.29000000e+00  1.48288316e-07 
 1.30000000e+00  1.48253602e-07 
 1.31000000e+00  1.48222880e-07 
 1.32000000e+00  1.48196024e-07 
 1.33000000e+00  1.48172642e-07 
 1.34000000e+00  1.48152246e-07 
 1.35000000e+00  1.48134352e-07 
 1.36000000e+00  1.48118526e-07 
 1.37000000e+00  1.48104403e-07 
 1.38000000e+00  1.48091682e-07 
 1.39000000e+00  1.48080126e-07 
 1.40000000e+00  1.48069543e-07 
 1.41000000e+00  1.48059784e-07 
 1.42000000e+00  1.48050728e-07 
 1.43000000e+00  1.48042281e-07 
 1.44000000e+00  1.48034364e-07 
 1.45000000e+00  1.48026917e-07 
 1.46000000e+00  1.48019887e-07 
 1.47000000e+00  1.48013233e-07 
 1.48000000e+00  1.48006919e-07 
 1.49000000e+00  1.48000914e-07 
 1.50000000e+00  1.47995195e-07 
 1.51000000e+00  1.47989738e-07 
 1.52000000e+00  1.47984524e-07 
 1.53000000e+00  1.47979538e-07 
 1.54000000e+00  1.47974763e-07 
 1.55000000e+00  1.47970187e-07 
 1.56000000e+00  1.47965799e-07 
 1.57000000e+00  1.47961587e-07 
 1.58000000e+00  1.47957543e-07 
 1.59000000e+00  1.47953657e-07 
 1.60000000e+00  1.47949922e-07 
 1.61000000e+00  1.47946330e-07 
 1.62000000e+00  1.47942875e-07 
 1.63000000e+00  1.47939550e-07 
 1.64000000e+00  1.47936350e-07 
 1.65000000e+00  1.47933270e-07 
 1.66000000e+00  1.47930304e-07 
 1.67000000e+00  1.47927448e-07 
 1.68000000e+00  1.47924698e-07 
 1.69000000e+00  1.47922049e-07 
 1.70000000e+00  1.47919498e-07 
 1.71000000e+00  1.47917041e-07 
 1.72000000e+00  1.47914675e-07 
 1.73000000e+00  1.47912396e-07 
 1.74000000e+00  1.47910202e-07 
 1.75000000e+00  1.47908089e-07 
 1.76000000e+00  1.47906055e-07 
 1.77000000e+00  1.47904098e-07 
 1.78000000e+00  1.47902214e-07 
 1.79000000e+00  1.47900402e-07 
 1.80000000e+00  1.47898659e-07 
 1.81000000e+00  1.47896983e-07 
 1.82000000e+00  1.47895372e-07 
 1.83000000e+00  1.47893825e-07 
 1.84000000e+00  1.47892338e-07 
 1.85000000e+00  1.47890911e-07 
 1.86000000e+00  1.47889542e-07 
 1.87000000e+00  1.47888230e-07 
 1.88000000e+00  1.47886972e-07 
 1.89000000e+00  1.47885767e-07 
 1.90000000e+00  1.47884613e-07 
 1.91000000e+00  1.47883511e-07 
 1.92000000e+00  1.47882457e-07 
 1.93000000e+00  1.47881450e-07 
 1.94000000e+00  1.47880491e-07 
 1.95000000e+00  1.47879576e-07 
 1.96000000e+00  1.47878706e-07 
 1.97000000e+00  1.47877879e-07 
 1.98000000e+00  1.47877094e-07 
 1.99000000e+00  1.47876350e-07 
 2.00000000e+00  1.47875646e-07 
 2.01000000e+00  1.47874981e-07 
 2.02000000e+00  1.47874354e-07 
 2.03000000e+00  1.47873765e-07 
 2.04000000e+00  1.47873212e-07 
 2.05000000e+00  1.47872694e-07 
 2.06000000e+00  1.47872212e-07 
 2.07000000e+00  1.47871763e-07 
 2.08000000e+00  1.47871347e-07 
 2.09000000e+00  1.47870964e-07 
 2.10000000e+00  1.47870613e-07 
 2.11000000e+00  1.47870293e-07 
 2.12000000e+00  1.47870004e-07 
 2.13000000e+00  1.47869744e-07 
 2.14000000e+00  1.47869514e-07 
 2.15000000e+00  1.47869312e-07 
 2.16000000e+00  1.47869139e-07 
 2.17000000e+00  1.47868992e-07 
 2.18000000e+00  1.47868873e-07 
 2.19000000e+00  1.47868780e-07 
 2.20000000e+00  1.47868713e-07 
 2.21000000e+00  1.47868671e-07 
 2.22000000e+00  1.47868654e-07 
 2.23000000e+00  1.47868662e-07 
 2.24000000e+00  1.47868693e-07 
 2.25000000e+00  1.47868748e-07 
 2.26000000e+00  1.47868826e-07 
 2.27000000e+00  1.47868927e-07 
 2.28000000e+00  1.47869049e-07 
 2.29000000e+00  1.47869194e-07 
 2.30000000e+00  1.47869360e-07 
 2.31000000e+00  1.47869547e-07 
 2.32000000e+00  1.47869754e-07 
 2.33000000e+00  1.47869982e-07 
 2.34000000e+00  1.47870230e-07 
 2.35000000e+00  1.47870497e-07 
 2.36000000e+00  1.47870783e-07 
 2.37000000e+00  1.47871089e-07 
 2.38000000e+00  1.47871413e-07 
 2.39000000e+00  1.47871755e-07 
 2.40000000e+00  1.47872115e-07 
 2.41000000e+00  1.47872492e-07 
 2.42000000e+00  1.47872888e-07 
 2.43000000e+00  1.47873300e-07 
 2.44000000e+00  1.47873729e-07 
 2.45000000e+00  1.47874174e-07 
 2.46000000e+00  1.47874636e-07 
 2.47000000e+00  1.47875114e-07 
 2.48000000e+00  1.47875607e-07 
 2.49000000e+00  1.47876116e-07 
 2.50000000e+00  1.47876640e-07 
 2.51000000e+00  1.47877179e-07 
 2.52000000e+00  1.47877733e-07 
 2.53000000e+00  1.47878302e-07 
 2.54000000e+00  1.47878885e-07 
 2.55000000e+00  1.47879482e-07 
 2.56000000e+00  1.47880093e-07 
 2.57000000e+00  1.47880718e-07 
 2.58000000e+00  1.47881356e-07 
 2.59000000e+00  1.47882007e-07 
 2.60000000e+00  1.47882672e-07 
 2.61000000e+00  1.47883350e-07 
 2.62000000e+00  1.47884040e-07 
 2.63000000e+00  1.47884743e-07 
 2.64000000e+00  1.47885458e-07 
 2.65000000e+00  1.47886186e-07 
 2.66000000e+00  1.47886925e-07 
 2.67000000e+00  1.47887677e-07 
 2.68000000e+00  1.47888440e-07 
 2.69000000e+00  1.47889215e-07 
 2.70000000e+00  1.47890001e-07 
 2.71000000e+00  1.47890799e-07 
 2.72000000e+00  1.47891608e-07 
 2.73000000e+00  1.47892427e-07 
 2.74000000e+00  1.47893258e-07 
 2.75000000e+00  1.47894099e-07 
 2.76000000e+00  1.47894951e-07 
 2.77000000e+00  1.47895814e-07 
 2.78000000e+00  1.47896686e-07 
 2.79000000e+00  1.47897569e-07 
 2.80000000e+00  1.47898462e-07 
 2.81000000e+00  1.47899366e-07 
 2.82000000e+00  1.47900279e-07 
 2.83000000e+00  1.47901201e-07 
 2.84000000e+00  1.47902134e-07 
 2.85000000e+00  1.47903076e-07 
 2.86000000e+00  1.47904028e-07 
 2.87000000e+00  1.47904989e-07 
 2.88000000e+00  1.47905959e-07 
 2.89000000e+00  1.47906938e-07 
 2.90000000e+00  1.47907927e-07 
 2.91000000e+00  1.47908925e-07 
 2.92000000e+00  1.47909931e-07 
 2.93000000e+00  1.47910947e-07 
 2.94000000e+00  1.47911972e-07 
 2.95000000e+00  1.47913005e-07 
 2.96000000e+00  1.47914047e-07 
 2.97000000e+00  1.47915097e-07 
 2.98000000e+00  1.47916157e-07 
 2.99000000e+00  1.47917225e-07 
 3.00000000e+00  1.47918301e-07 
 3.01000000e+00  1.47919386e-07 
 3.02000000e+00  1.47920479e-07 
 3.03000000e+00  1.47921581e-07 
 3.04000000e+00  1.47922691e-07 
 3.05000000e+00  1.47923810e-07 
 3.06000000e+00  1.47924936e-07 
 3.07000000e+00  1.47926072e-07 
 3.08000000e+00  1.47927215e-07 
 3.09000000e+00  1.47928367e-07 
 3.10000000e+00  1.47929527e-07 
 3.11000000e+00  1.47930695e-07 
 3.12000000e+00  1.47931872e-07 
 3.13000000e+00  1.47933057e-07 
 3.14000000e+00  1.47934251e-07 
 3.15000000e+00  1.47935453e-07 
 3.16000000e+00  1.47936663e-07 
 3.17000000e+00  1.47937882e-07 
 3.18000000e+00  1.47939110e-07 
 3.19000000e+00  1.47940346e-07 
 3.20000000e+00  1.47941590e-07 
 3.21000000e+00  1.47942844e-07 
 3.22000000e+00  1.47944106e-07 
 3.23000000e+00  1.47945377e-07 
 3.24000000e+00  1.47946657e-07 
 3.25000000e+00  1.47947946e-07 
 3.26000000e+00  1.47949244e-07 
 3.27000000e+00  1.47950551e-07 
 3.28000000e+00  1.47951868e-07 
 3.29000000e+00  1.47953194e-07 
 3.30000000e+00  1.47954530e-07 
 3.31000000e+00  1.47955876e-07 
 3.32000000e+00  1.47957232e-07 
 3.33000000e+00  1.47958598e-07 
 3.34000000e+00  1.47959974e-07 
 3.35000000e+00  1.47961360e-07 
 3.36000000e+00  1.47962757e-07 
 3.37000000e+00  1.47964165e-07 
 3.38000000e+00  1.47965584e-07 
 3.39000000e+00  1.47967015e-07 
 3.40000000e+00  1.47968457e-07 
 3.41000000e+00  1.47969910e-07 
 3.42000000e+00  1.47971376e-07 
 3.43000000e+00  1.47972854e-07 
 3.44000000e+00  1.47974345e-07 
 3.45000000e+00  1.47975848e-07 
 3.46000000e+00  1.47977365e-07 
 3.47000000e+00  1.47978895e-07 
 3.48000000e+00  1.47980439e-07 
 3.49000000e+00  1.47981998e-07 
 3.50000000e+00  1.47983571e-07 
 3.51000000e+00  1.47985159e-07 
 3.52000000e+00  1.47986762e-07 
 3.53000000e+00  1.47988382e-07 
 3.54000000e+00  1.47990017e-07 
 3.55000000e+00  1.47991669e-07 
 3.56000000e+00  1.47993338e-07 
 3.57000000e+00  1.47995025e-07 
 3.58000000e+00  1.47996730e-07 
 3.59000000e+00  1.47998454e-07 
 3.60000000e+00  1.48000197e-07 
 3.61000000e+00  1.48001960e-07 
 3.62000000e+00  1.48003743e-07 
 3.63000000e+00  1.48005546e-07 
 3.64000000e+00  1.48007372e-07 
 3.65000000e+00  1.48009220e-07 
 3.66000000e+00  1.48011090e-07 
 3.67000000e+00  1.48012984e-07 
 3.68000000e+00  1.48014903e-07 
 3.69000000e+00  1.48016846e-07 
 3.70000000e+00  1.48018815e-07 
 3.71000000e+00  1.48020811e-07 
 3.72000000e+00  1.48022834e-07 
 3.73000000e+00  1.48024885e-07 
 3.74000000e+00  1.48026966e-07 
 3.75000000e+00  1.48029076e-07 
 3.76000000e+00  1.48031217e-07 
 3.77000000e+00  1.48033390e-07 
 3.78000000e+00  1.48035596e-07 
 3.79000000e+00  1.48037835e-07 
 3.80000000e+00  1.48040109e-07 
 3.81000000e+00  1.48042419e-07 
 3.82000000e+00  1.48044766e-07 
 3.83000000e+00  1.48047151e-07 
 3.84000000e+00  1.48049575e-07 
 3.85000000e+00  1.48052040e-07 
 3.86000000e+00  1.48054546e-07 
 3.87000000e+00  1.48057096e-07 
 3.88000000e+00  1.48059689e-07 
 3.89000000e+00  1.48062328e-07 
 3.90000000e+00  1.48065014e-07 
 3.91000000e+00  1.48067748e-07 
 3.92000000e+00  1.48070532e-07 
 3.93000000e+00  1.48073367e-07 
 3.94000000e+00  1.48076254e-07 
 3.95000000e+00  1.48079196e-07 
 3.96000000e+00  1.48082194e-07 
 3.97000000e+00  1.48085250e-07 
 3.98000000e+00  1.48088365e-07 
 3.99000000e+00  1.48091540e-07 
 4.00000000e+00  1.48094779e-07 
 4.01000000e+00  1.48098082e-07 
 4.02000000e+00  1.48101451e-07 
 4.03000000e+00  1.48104888e-07 
 4.04000000e+00  1.48108396e-07 
 4.05000000e+00  1.48111977e-07 
 4.06000000e+00  1.48115631e-07 
 4.07000000e+00  1.48119362e-07 
 4.08000000e+00  1.48123172e-07 
 4.09000000e+00  1.48127062e-07 
 4.10000000e+00  1.48131035e-07 
 4.11000000e+00  1.48135094e-07 
 4.12000000e+00  1.48139241e-07 
 4.13000000e+00  1.48143477e-07 
 4.14000000e+00  1.48147806e-07 
 4.15000000e+00  1.48152231e-07 
 4.16000000e+00  1.48156753e-07 
 4.17000000e+00  1.48161376e-07 
 4.18000000e+00  1.48166101e-07 
 4.19000000e+00  1.48170933e-07 
 4.20000000e+00  1.48175873e-07 
 4.21000000e+00  1.48180925e-07 
 4.22000000e+00  1.48186092e-07 
 4.23000000e+00  1.48191376e-07 
 4.24000000e+00  1.48196780e-07 
 4.25000000e+00  1.48202309e-07 
 4.26000000e+00  1.48207965e-07 
 4.27000000e+00  1.48213750e-07 
 4.28000000e+00  1.48219670e-07 
 4.29000000e+00  1.48225727e-07 
 4.30000000e+00  1.48231924e-07 
 4.31000000e+00  1.48238265e-07 
 4.32000000e+00  1.48244754e-07 
 4.33000000e+00  1.48251395e-07 
 4.34000000e+00  1.48258191e-07 
 4.35000000e+00  1.48265146e-07 
 4.36000000e+00  1.48272264e-07 
 4.37000000e+00  1.48279550e-07 
 4.38000000e+00  1.48287006e-07 
 4.39000000e+00  1.48294638e-07 
 4.40000000e+00  1.48302450e-07 
 4.41000000e+00  1.48310445e-07 
 4.42000000e+00  1.48318629e-07 
 4.43000000e+00  1.48327006e-07 
 4.44000000e+00  1.48335580e-07 
 4.45000000e+00  1.48344356e-07 
 4.46000000e+00  1.48353339e-07 
 4.47000000e+00  1.48362534e-07 
 4.48000000e+00  1.48371946e-07 
 4.49000000e+00  1.48381579e-07 
 4.50000000e+00  1.48391439e-07 
 4.51000000e+00  1.48401531e-07 
 4.52000000e+00  1.48411861e-07 
 4.53000000e+00  1.48422433e-07 
 4.54000000e+00  1.48433253e-07 
 4.55000000e+00  1.48444327e-07 
 4.56000000e+00  1.48455661e-07 
 4.57000000e+00  1.48467260e-07 
 4.58000000e+00  1.48479130e-07 
 4.59000000e+00  1.48491277e-07 
 4.60000000e+00  1.48503707e-07 
 4.61000000e+00  1.48516426e-07 
 4.62000000e+00  1.48529441e-07 
 4.63000000e+00  1.48542758e-07 
 4.64000000e+00  1.48556383e-07 
 4.65000000e+00  1.48570324e-07 
 4.66000000e+00  1.48584586e-07 
 4.67000000e+00  1.48599177e-07 
 4.68000000e+00  1.48614103e-07 
 4.69000000e+00  1.48629372e-07 
 4.70000000e+00  1.48644991e-07 
 4.71000000e+00  1.48660966e-07 
 4.72000000e+00  1.48677305e-07 
 4.73000000e+00  1.48694017e-07 
 4.74000000e+00  1.48711107e-07 
 4.75000000e+00  1.48728585e-07 
 4.76000000e+00  1.48746457e-07 
 4.77000000e+00  1.48764733e-07 
 4.78000000e+00  1.48783419e-07 
 4.79000000e+00  1.48802524e-07 
 4.80000000e+00  1.48822056e-07 
 4.81000000e+00  1.48842024e-07 
 4.82000000e+00  1.48862436e-07 
 4.83000000e+00  1.48883301e-07 
 4.84000000e+00  1.48904628e-07 
 4.85000000e+00  1.48926425e-07 
 4.86000000e+00  1.48948702e-07 
 4.87000000e+00  1.48971468e-07 
 4.88000000e+00  1.48994732e-07 
 4.89000000e+00  1.49018503e-07 
 4.90000000e+00  1.49042791e-07 
 4.91000000e+00  1.49067606e-07 
 4.92000000e+00  1.49092957e-07 
 4.93000000e+00  1.49118855e-07 
 4.94000000e+00  1.49145310e-07 
 4.95000000e+00  1.49172331e-07 
 4.96000000e+00  1.49199929e-07 
 4.97000000e+00  1.49228114e-07 
 4.98000000e+00  1.49256898e-07 
 4.99000000e+00  1.49286291e-07 
 5.00000000e+00  1.49316303e-07 
