 0.00000000e+00  8.00456113e-14 
 1.00000000e-09  9.79482766e-08 
 2.00000000e-09  9.77489600e-08 
 4.00000000e-09  9.73637937e-08 
 8.00000000e-09  9.70281469e-08 
 1.60000000e-08  9.66701749e-08 
 3.20000000e-08  9.62108273e-08 
 6.40000000e-08  9.54501438e-08 
 1.28000000e-07  9.41802351e-08 
 2.28000000e-07  9.26896749e-08 
 3.28000000e-07  9.17302627e-08 
 4.28000000e-07  9.27407543e-08 
 5.28000000e-07  9.81464196e-08 
 6.24340078e-07  1.01135324e-07 
 7.24340078e-07  1.02248171e-07 
 8.24340078e-07  1.02654266e-07 
 9.24340078e-07  9.95498902e-08 
 1.00000000e-06  9.82208811e-08 
 1.01000000e-06  6.56063635e-09 
 1.03000000e-06  1.84654167e-09 
 1.07000000e-06 -3.22968771e-09 
 1.13146920e-06 -6.34518262e-09 
 1.19765815e-06 -6.73533335e-09 
 1.29765815e-06 -2.35529342e-09 
 1.39765815e-06  1.65107859e-07 
 1.47244744e-06  4.36023070e-07 
 1.55367403e-06  9.36461339e-07 
 1.62463568e-06  1.91870266e-06 
 1.67087889e-06  3.38066185e-06 
 1.70762196e-06  5.90980473e-06 
 1.73926817e-06  1.07981555e-05 
 1.76350483e-06  1.76863643e-05 
 1.78269278e-06  2.52043298e-05 
 1.79630959e-06  2.92620628e-05 
 1.80913143e-06  3.02696677e-05 
 1.82370108e-06  2.92021072e-05 
 1.83704988e-06  2.73611215e-05 
 1.85157508e-06  2.50390219e-05 
 1.86903232e-06  2.21612819e-05 
 1.87904418e-06  2.05506531e-05 
 1.88898498e-06  1.90231347e-05 
 1.90109184e-06  1.72875204e-05 
 1.91376820e-06  1.56281567e-05 
 1.93135975e-06  1.35908730e-05 
 1.95200108e-06  1.15667323e-05 
 1.98221668e-06  9.21963854e-06 
 2.02244818e-06  6.95671331e-06 
 2.09005002e-06  4.53555662e-06 
 2.16036364e-06  3.14270175e-06 
 2.24113157e-06  2.24238082e-06 
 2.34113157e-06  1.60500220e-06 
 2.44113157e-06  1.22986542e-06 
 2.54113157e-06  9.91229263e-07 
 2.64113157e-06  8.29203025e-07 
 2.74113157e-06  7.15286365e-07 
 2.84113157e-06  6.31062666e-07 
 2.94113157e-06  5.66692134e-07 
 3.04113157e-06  5.16065264e-07 
 3.14113157e-06  4.75270214e-07 
 3.24113157e-06  4.41723851e-07 
 3.34113157e-06  4.13668909e-07 
 3.44113157e-06  3.89874489e-07 
 3.54113157e-06  3.69453863e-07 
 3.64113157e-06  3.51751458e-07 
 3.74113157e-06  3.36271263e-07 
 3.84113157e-06  3.22630417e-07 
 3.94113157e-06  3.10528337e-07 
 4.04113157e-06  2.99725629e-07 
 4.14113157e-06  2.90029302e-07 
 4.24113157e-06  2.81282132e-07 
 4.34113157e-06  2.73354855e-07 
 4.44113157e-06  2.66140316e-07 
 4.54113157e-06  2.59549019e-07 
 4.64113157e-06  2.53505695e-07 
 4.74113157e-06  2.47946630e-07 
 4.84113157e-06  2.42817560e-07 
 4.94113157e-06  2.38072000e-07 
 5.04113157e-06  2.33669913e-07 
 5.14113157e-06  2.29576634e-07 
 5.24113157e-06  2.25762003e-07 
 5.34113157e-06  2.22199660e-07 
 5.44113157e-06  2.18866463e-07 
 5.54113157e-06  2.15742009e-07 
 5.64113157e-06  2.12808247e-07 
 5.74113157e-06  2.10049141e-07 
 5.84113157e-06  2.07450399e-07 
 5.94113157e-06  2.04999244e-07 
 6.04113157e-06  2.02684213e-07 
 6.14113157e-06  2.00494996e-07 
 6.24113157e-06  1.98422294e-07 
 6.34113157e-06  1.96457696e-07 
 6.44113157e-06  1.94593579e-07 
 6.54113157e-06  1.92823013e-07 
 6.64113157e-06  1.91139688e-07 
 6.74113157e-06  1.89537844e-07 
 6.84113157e-06  1.88012213e-07 
 6.94113157e-06  1.86557968e-07 
 7.04113157e-06  1.85170677e-07 
 7.14113157e-06  1.83846264e-07 
 7.24113157e-06  1.82580973e-07 
 7.34113157e-06  1.81371338e-07 
 7.44113157e-06  1.80214156e-07 
 7.54113157e-06  1.79106460e-07 
 7.64113157e-06  1.78045500e-07 
 7.74113157e-06  1.77028724e-07 
 7.84113157e-06  1.76053758e-07 
 7.94113157e-06  1.75118392e-07 
 8.04113157e-06  1.74220567e-07 
 8.14113157e-06  1.73358360e-07 
 8.24113157e-06  1.72529974e-07 
 8.34113157e-06  1.71733730e-07 
 8.44113157e-06  1.70968053e-07 
 8.54113157e-06  1.70231468e-07 
 8.64113157e-06  1.69522590e-07 
 8.74113157e-06  1.68840119e-07 
 8.84113157e-06  1.68182830e-07 
 8.94113157e-06  1.67549573e-07 
 9.04113157e-06  1.66939262e-07 
 9.14113157e-06  1.66350875e-07 
 9.24113157e-06  1.65783446e-07 
 9.34113157e-06  1.65236063e-07 
 9.44113157e-06  1.64707864e-07 
 9.54113157e-06  1.64198033e-07 
 9.64113157e-06  1.63705798e-07 
 9.74113157e-06  1.63230428e-07 
 9.84113157e-06  1.62771229e-07 
 9.94113157e-06  1.62327542e-07 
 1.00411316e-05  1.61898743e-07 
 1.01411316e-05  1.61484237e-07 
 1.02411316e-05  1.61083461e-07 
 1.03411316e-05  1.60695877e-07 
 1.04411316e-05  1.60320974e-07 
 1.05411316e-05  1.59958266e-07 
 1.06411316e-05  1.59607287e-07 
 1.07411316e-05  1.59267597e-07 
 1.08411316e-05  1.58938772e-07 
 1.09411316e-05  1.58620410e-07 
 1.10411316e-05  1.58312127e-07 
 1.11411316e-05  1.58013554e-07 
 1.12411316e-05  1.57724340e-07 
 1.13411316e-05  1.57444149e-07 
 1.14411316e-05  1.57172660e-07 
 1.15411316e-05  1.56909565e-07 
 1.16411316e-05  1.56654568e-07 
 1.17411316e-05  1.56407387e-07 
 1.18411316e-05  1.56167753e-07 
 1.19411316e-05  1.55935404e-07 
 1.20411316e-05  1.55710091e-07 
 1.21411316e-05  1.55491577e-07 
 1.22411316e-05  1.55279631e-07 
 1.23411316e-05  1.55074034e-07 
 1.24411316e-05  1.54874572e-07 
 1.25411316e-05  1.54681044e-07 
 1.26411316e-05  1.54493253e-07 
 1.27411316e-05  1.54311012e-07 
 1.28411316e-05  1.54134139e-07 
 1.29411316e-05  1.53962460e-07 
 1.30411316e-05  1.53795809e-07 
 1.31411316e-05  1.53634023e-07 
 1.32411316e-05  1.53476947e-07 
 1.33411316e-05  1.53324432e-07 
 1.34411316e-05  1.53176333e-07 
 1.35411316e-05  1.53032511e-07 
 1.36411316e-05  1.52892833e-07 
 1.37411316e-05  1.52757168e-07 
 1.38411316e-05  1.52625393e-07 
 1.39411316e-05  1.52497387e-07 
 1.40411316e-05  1.52373033e-07 
 1.41411316e-05  1.52252220e-07 
 1.42411316e-05  1.52134840e-07 
 1.43411316e-05  1.52020788e-07 
 1.44411316e-05  1.51909962e-07 
 1.45411316e-05  1.51802266e-07 
 1.46411316e-05  1.51697606e-07 
 1.47411316e-05  1.51595889e-07 
 1.48411316e-05  1.51497028e-07 
 1.49411316e-05  1.51400939e-07 
 1.50411316e-05  1.51307538e-07 
 1.51411316e-05  1.51216745e-07 
 1.52411316e-05  1.51128485e-07 
 1.53411316e-05  1.51042682e-07 
 1.54411316e-05  1.50959264e-07 
 1.55411316e-05  1.50878161e-07 
 1.56411316e-05  1.50799306e-07 
 1.57411316e-05  1.50722634e-07 
 1.58411316e-05  1.50648080e-07 
 1.59411316e-05  1.50575583e-07 
 1.60411316e-05  1.50505085e-07 
 1.61411316e-05  1.50436528e-07 
 1.62411316e-05  1.50369855e-07 
 1.63411316e-05  1.50305012e-07 
 1.64411316e-05  1.50241948e-07 
 1.65411316e-05  1.50180611e-07 
 1.66411316e-05  1.50120953e-07 
 1.67411316e-05  1.50062925e-07 
 1.68411316e-05  1.50006481e-07 
 1.69411316e-05  1.49951577e-07 
 1.70411316e-05  1.49898168e-07 
 1.71411316e-05  1.49846213e-07 
 1.72411316e-05  1.49795671e-07 
 1.73411316e-05  1.49746502e-07 
 1.74411316e-05  1.49698668e-07 
 1.75411316e-05  1.49652130e-07 
 1.76411316e-05  1.49606854e-07 
 1.77411316e-05  1.49562803e-07 
 1.78411316e-05  1.49519943e-07 
 1.79411316e-05  1.49478242e-07 
 1.80411316e-05  1.49437667e-07 
 1.81411316e-05  1.49398187e-07 
 1.82411316e-05  1.49359772e-07 
 1.83411316e-05  1.49322392e-07 
 1.84411316e-05  1.49286018e-07 
 1.85411316e-05  1.49250623e-07 
 1.86411316e-05  1.49216179e-07 
 1.87411316e-05  1.49182662e-07 
 1.88411316e-05  1.49150044e-07 
 1.89411316e-05  1.49118302e-07 
 1.90411316e-05  1.49087411e-07 
 1.91411316e-05  1.49057349e-07 
 1.92411316e-05  1.49028092e-07 
 1.93411316e-05  1.48999618e-07 
 1.94411316e-05  1.48971906e-07 
 1.95411316e-05  1.48944936e-07 
 1.96411316e-05  1.48918687e-07 
 1.97411316e-05  1.48893139e-07 
 1.98411316e-05  1.48868273e-07 
 1.99411316e-05  1.48844072e-07 
 2.00000000e-05  1.48830129e-07 
