 0.00000000e+00  1.00000000e-02 
 1.00000000e-09  1.32900000e-02 
 2.00000000e-09  1.65800000e-02 
 4.00000000e-09  2.31600000e-02 
 8.00000000e-09  3.63200000e-02 
 1.60000000e-08  6.26400000e-02 
 3.20000000e-08  1.15280000e-01 
 6.40000000e-08  2.20560000e-01 
 1.28000000e-07  4.31120000e-01 
 2.28000000e-07  7.60120000e-01 
 3.28000000e-07  1.08912000e+00 
 4.28000000e-07  1.41812000e+00 
 5.28000000e-07  1.74712000e+00 
 6.24340078e-07  2.06407886e+00 
 7.24340078e-07  2.39307886e+00 
 8.24340078e-07  2.72207886e+00 
 9.24340078e-07  3.05107886e+00 
 1.00000000e-06  3.30000000e+00 
 1.01000000e-06  3.30000000e+00 
 1.03000000e-06  3.30000000e+00 
 1.07000000e-06  3.30000000e+00 
 1.13146920e-06  3.30000000e+00 
 1.19765815e-06  3.30000000e+00 
 1.29765815e-06  3.30000000e+00 
 1.39765815e-06  3.30000000e+00 
 1.47244744e-06  3.30000000e+00 
 1.55367403e-06  3.30000000e+00 
 1.62463568e-06  3.30000000e+00 
 1.67087889e-06  3.30000000e+00 
 1.70762196e-06  3.30000000e+00 
 1.73926817e-06  3.30000000e+00 
 1.76350483e-06  3.30000000e+00 
 1.78269278e-06  3.30000000e+00 
 1.79630959e-06  3.30000000e+00 
 1.80913143e-06  3.30000000e+00 
 1.82370108e-06  3.30000000e+00 
 1.83704988e-06  3.30000000e+00 
 1.85157508e-06  3.30000000e+00 
 1.86903232e-06  3.30000000e+00 
 1.87904418e-06  3.30000000e+00 
 1.88898498e-06  3.30000000e+00 
 1.90109184e-06  3.30000000e+00 
 1.91376820e-06  3.30000000e+00 
 1.93135975e-06  3.30000000e+00 
 1.95200108e-06  3.30000000e+00 
 1.98221668e-06  3.30000000e+00 
 2.02244818e-06  3.30000000e+00 
 2.09005002e-06  3.30000000e+00 
 2.16036364e-06  3.30000000e+00 
 2.24113157e-06  3.30000000e+00 
 2.34113157e-06  3.30000000e+00 
 2.44113157e-06  3.30000000e+00 
 2.54113157e-06  3.30000000e+00 
 2.64113157e-06  3.30000000e+00 
 2.74113157e-06  3.30000000e+00 
 2.84113157e-06  3.30000000e+00 
 2.94113157e-06  3.30000000e+00 
 3.04113157e-06  3.30000000e+00 
 3.14113157e-06  3.30000000e+00 
 3.24113157e-06  3.30000000e+00 
 3.34113157e-06  3.30000000e+00 
 3.44113157e-06  3.30000000e+00 
 3.54113157e-06  3.30000000e+00 
 3.64113157e-06  3.30000000e+00 
 3.74113157e-06  3.30000000e+00 
 3.84113157e-06  3.30000000e+00 
 3.94113157e-06  3.30000000e+00 
 4.04113157e-06  3.30000000e+00 
 4.14113157e-06  3.30000000e+00 
 4.24113157e-06  3.30000000e+00 
 4.34113157e-06  3.30000000e+00 
 4.44113157e-06  3.30000000e+00 
 4.54113157e-06  3.30000000e+00 
 4.64113157e-06  3.30000000e+00 
 4.74113157e-06  3.30000000e+00 
 4.84113157e-06  3.30000000e+00 
 4.94113157e-06  3.30000000e+00 
 5.04113157e-06  3.30000000e+00 
 5.14113157e-06  3.30000000e+00 
 5.24113157e-06  3.30000000e+00 
 5.34113157e-06  3.30000000e+00 
 5.44113157e-06  3.30000000e+00 
 5.54113157e-06  3.30000000e+00 
 5.64113157e-06  3.30000000e+00 
 5.74113157e-06  3.30000000e+00 
 5.84113157e-06  3.30000000e+00 
 5.94113157e-06  3.30000000e+00 
 6.04113157e-06  3.30000000e+00 
 6.14113157e-06  3.30000000e+00 
 6.24113157e-06  3.30000000e+00 
 6.34113157e-06  3.30000000e+00 
 6.44113157e-06  3.30000000e+00 
 6.54113157e-06  3.30000000e+00 
 6.64113157e-06  3.30000000e+00 
 6.74113157e-06  3.30000000e+00 
 6.84113157e-06  3.30000000e+00 
 6.94113157e-06  3.30000000e+00 
 7.04113157e-06  3.30000000e+00 
 7.14113157e-06  3.30000000e+00 
 7.24113157e-06  3.30000000e+00 
 7.34113157e-06  3.30000000e+00 
 7.44113157e-06  3.30000000e+00 
 7.54113157e-06  3.30000000e+00 
 7.64113157e-06  3.30000000e+00 
 7.74113157e-06  3.30000000e+00 
 7.84113157e-06  3.30000000e+00 
 7.94113157e-06  3.30000000e+00 
 8.04113157e-06  3.30000000e+00 
 8.14113157e-06  3.30000000e+00 
 8.24113157e-06  3.30000000e+00 
 8.34113157e-06  3.30000000e+00 
 8.44113157e-06  3.30000000e+00 
 8.54113157e-06  3.30000000e+00 
 8.64113157e-06  3.30000000e+00 
 8.74113157e-06  3.30000000e+00 
 8.84113157e-06  3.30000000e+00 
 8.94113157e-06  3.30000000e+00 
 9.04113157e-06  3.30000000e+00 
 9.14113157e-06  3.30000000e+00 
 9.24113157e-06  3.30000000e+00 
 9.34113157e-06  3.30000000e+00 
 9.44113157e-06  3.30000000e+00 
 9.54113157e-06  3.30000000e+00 
 9.64113157e-06  3.30000000e+00 
 9.74113157e-06  3.30000000e+00 
 9.84113157e-06  3.30000000e+00 
 9.94113157e-06  3.30000000e+00 
 1.00411316e-05  3.30000000e+00 
 1.01411316e-05  3.30000000e+00 
 1.02411316e-05  3.30000000e+00 
 1.03411316e-05  3.30000000e+00 
 1.04411316e-05  3.30000000e+00 
 1.05411316e-05  3.30000000e+00 
 1.06411316e-05  3.30000000e+00 
 1.07411316e-05  3.30000000e+00 
 1.08411316e-05  3.30000000e+00 
 1.09411316e-05  3.30000000e+00 
 1.10411316e-05  3.30000000e+00 
 1.11411316e-05  3.30000000e+00 
 1.12411316e-05  3.30000000e+00 
 1.13411316e-05  3.30000000e+00 
 1.14411316e-05  3.30000000e+00 
 1.15411316e-05  3.30000000e+00 
 1.16411316e-05  3.30000000e+00 
 1.17411316e-05  3.30000000e+00 
 1.18411316e-05  3.30000000e+00 
 1.19411316e-05  3.30000000e+00 
 1.20411316e-05  3.30000000e+00 
 1.21411316e-05  3.30000000e+00 
 1.22411316e-05  3.30000000e+00 
 1.23411316e-05  3.30000000e+00 
 1.24411316e-05  3.30000000e+00 
 1.25411316e-05  3.30000000e+00 
 1.26411316e-05  3.30000000e+00 
 1.27411316e-05  3.30000000e+00 
 1.28411316e-05  3.30000000e+00 
 1.29411316e-05  3.30000000e+00 
 1.30411316e-05  3.30000000e+00 
 1.31411316e-05  3.30000000e+00 
 1.32411316e-05  3.30000000e+00 
 1.33411316e-05  3.30000000e+00 
 1.34411316e-05  3.30000000e+00 
 1.35411316e-05  3.30000000e+00 
 1.36411316e-05  3.30000000e+00 
 1.37411316e-05  3.30000000e+00 
 1.38411316e-05  3.30000000e+00 
 1.39411316e-05  3.30000000e+00 
 1.40411316e-05  3.30000000e+00 
 1.41411316e-05  3.30000000e+00 
 1.42411316e-05  3.30000000e+00 
 1.43411316e-05  3.30000000e+00 
 1.44411316e-05  3.30000000e+00 
 1.45411316e-05  3.30000000e+00 
 1.46411316e-05  3.30000000e+00 
 1.47411316e-05  3.30000000e+00 
 1.48411316e-05  3.30000000e+00 
 1.49411316e-05  3.30000000e+00 
 1.50411316e-05  3.30000000e+00 
 1.51411316e-05  3.30000000e+00 
 1.52411316e-05  3.30000000e+00 
 1.53411316e-05  3.30000000e+00 
 1.54411316e-05  3.30000000e+00 
 1.55411316e-05  3.30000000e+00 
 1.56411316e-05  3.30000000e+00 
 1.57411316e-05  3.30000000e+00 
 1.58411316e-05  3.30000000e+00 
 1.59411316e-05  3.30000000e+00 
 1.60411316e-05  3.30000000e+00 
 1.61411316e-05  3.30000000e+00 
 1.62411316e-05  3.30000000e+00 
 1.63411316e-05  3.30000000e+00 
 1.64411316e-05  3.30000000e+00 
 1.65411316e-05  3.30000000e+00 
 1.66411316e-05  3.30000000e+00 
 1.67411316e-05  3.30000000e+00 
 1.68411316e-05  3.30000000e+00 
 1.69411316e-05  3.30000000e+00 
 1.70411316e-05  3.30000000e+00 
 1.71411316e-05  3.30000000e+00 
 1.72411316e-05  3.30000000e+00 
 1.73411316e-05  3.30000000e+00 
 1.74411316e-05  3.30000000e+00 
 1.75411316e-05  3.30000000e+00 
 1.76411316e-05  3.30000000e+00 
 1.77411316e-05  3.30000000e+00 
 1.78411316e-05  3.30000000e+00 
 1.79411316e-05  3.30000000e+00 
 1.80411316e-05  3.30000000e+00 
 1.81411316e-05  3.30000000e+00 
 1.82411316e-05  3.30000000e+00 
 1.83411316e-05  3.30000000e+00 
 1.84411316e-05  3.30000000e+00 
 1.85411316e-05  3.30000000e+00 
 1.86411316e-05  3.30000000e+00 
 1.87411316e-05  3.30000000e+00 
 1.88411316e-05  3.30000000e+00 
 1.89411316e-05  3.30000000e+00 
 1.90411316e-05  3.30000000e+00 
 1.91411316e-05  3.30000000e+00 
 1.92411316e-05  3.30000000e+00 
 1.93411316e-05  3.30000000e+00 
 1.94411316e-05  3.30000000e+00 
 1.95411316e-05  3.30000000e+00 
 1.96411316e-05  3.30000000e+00 
 1.97411316e-05  3.30000000e+00 
 1.98411316e-05  3.30000000e+00 
 1.99411316e-05  3.30000000e+00 
 2.00000000e-05  3.30000000e+00 
