 1.00000000e-02  1.00038490e+02 
 2.00000000e-02  5.00306469e+01 
 3.00000000e-02  3.33693578e+01 
 4.00000000e-02  2.50538691e+01 
 5.00000000e-02  2.00830621e+01 
 6.00000000e-02  1.67865879e+01 
 7.00000000e-02  1.44471223e+01 
 8.00000000e-02  1.27061978e+01 
 9.00000000e-02  1.13653277e+01 
 1.00000000e-01  1.03059846e+01 
 1.10000000e-01  9.45313245e+00 
 1.20000000e-01  8.75701206e+00 
 1.30000000e-01  8.18336044e+00 
 1.40000000e-01  7.70783836e+00 
 1.50000000e-01  7.31269505e+00 
 1.60000000e-01  6.98468754e+00 
 1.70000000e-01  6.71373617e+00 
 1.80000000e-01  6.49202953e+00 
 1.90000000e-01  6.31341475e+00 
 2.00000000e-01  6.17297690e+00 
 2.10000000e-01  6.06674970e+00 
 2.20000000e-01  5.99152074e+00 
 2.30000000e-01  5.94470380e+00 
 2.40000000e-01  5.92425466e+00 
 2.50000000e-01  5.92860792e+00 
 2.60000000e-01  5.95661658e+00 
 2.70000000e-01  6.00748553e+00 
 2.80000000e-01  6.08070490e+00 
 2.90000000e-01  6.17600611e+00 
 3.00000000e-01  6.29337493e+00 
 3.10000000e-01  6.43315381e+00 
 3.20000000e-01  6.59624328e+00 
 3.30000000e-01  6.78437066e+00 
 3.40000000e-01  7.00034823e+00 
 3.50000000e-01  7.24821684e+00 
 3.60000000e-01  7.53319159e+00 
 3.70000000e-01  7.86140483e+00 
 3.80000000e-01  8.23956243e+00 
 3.90000000e-01  8.67474189e+00 
 4.00000000e-01  9.17460488e+00 
 4.10000000e-01  9.74824408e+00 
 4.20000000e-01  1.04077815e+01 
 4.30000000e-01  1.11707661e+01 
 4.40000000e-01  1.20633811e+01 
 4.50000000e-01  1.31242313e+01 
 4.60000000e-01  1.44072877e+01 
 4.70000000e-01  1.59785009e+01 
 4.80000000e-01  1.78899535e+01 
 4.90000000e-01  2.01012759e+01 
 5.00000000e-01  2.23545333e+01 
 5.10000000e-01  2.41849785e+01 
 5.20000000e-01  2.52395184e+01 
 5.30000000e-01  2.55355877e+01 
 5.40000000e-01  2.53399867e+01 
 5.50000000e-01  2.49284476e+01 
 5.60000000e-01  2.44734536e+01 
 5.70000000e-01  2.40507325e+01 
 5.80000000e-01  2.36825028e+01 
 5.90000000e-01  2.33693706e+01 
 6.00000000e-01  2.31048811e+01 
 6.10000000e-01  2.28809420e+01 
 6.20000000e-01  2.26897803e+01 
 6.30000000e-01  2.25245768e+01 
 6.40000000e-01  2.23795706e+01 
 6.50000000e-01  2.22499658e+01 
 6.60000000e-01  2.21317827e+01 
 6.70000000e-01  2.20217068e+01 
 6.80000000e-01  2.19169567e+01 
 6.90000000e-01  2.18151744e+01 
 7.00000000e-01  2.17143366e+01 
 7.10000000e-01  2.16126833e+01 
 7.20000000e-01  2.15086616e+01 
 7.30000000e-01  2.14008792e+01 
 7.40000000e-01  2.12880669e+01 
 7.50000000e-01  2.11690453e+01 
 7.60000000e-01  2.10426952e+01 
 7.70000000e-01  2.09079293e+01 
 7.80000000e-01  2.07636643e+01 
 7.90000000e-01  2.06087930e+01 
 8.00000000e-01  2.04421574e+01 
 8.10000000e-01  2.02625249e+01 
 8.20000000e-01  2.00685700e+01 
 8.30000000e-01  1.98588647e+01 
 8.40000000e-01  1.96318815e+01 
 8.50000000e-01  1.93860103e+01 
 8.60000000e-01  1.91195912e+01 
 8.70000000e-01  1.88309611e+01 
 8.80000000e-01  1.85185153e+01 
 8.90000000e-01  1.81807806e+01 
 9.00000000e-01  1.78164972e+01 
 9.10000000e-01  1.74247041e+01 
 9.20000000e-01  1.70048159e+01 
 9.30000000e-01  1.65566745e+01 
 9.40000000e-01  1.60805549e+01 
 9.50000000e-01  1.55771044e+01 
 9.60000000e-01  1.50471974e+01 
 9.70000000e-01  1.44916949e+01 
 9.80000000e-01  1.39111028e+01 
 9.90000000e-01  1.33051198e+01 
 1.00000000e+00  1.26720574e+01 
 1.01000000e+00  1.20080967e+01 
 1.02000000e+00  1.13063353e+01 
 1.03000000e+00  1.05555938e+01 
 1.04000000e+00  9.73909831e+00 
 1.05000000e+00  8.83366404e+00 
 1.06000000e+00  7.81143915e+00 
 1.07000000e+00  6.64925097e+00 
 1.08000000e+00  5.35308894e+00 
 1.09000000e+00  3.99485550e+00 
 1.10000000e+00  2.72183283e+00 
 1.11000000e+00  1.69006830e+00 
 1.12000000e+00  9.68442164e-01 
 1.13000000e+00  5.20189220e-01 
 1.14000000e+00  2.61883885e-01 
 1.15000000e+00  1.18178886e-01 
 1.16000000e+00  3.91694763e-02 
 1.17000000e+00  3.83845698e-03 
 1.18000000e+00  2.65347101e-02 
 1.19000000e+00  3.75040562e-02 
 1.20000000e+00  4.15770624e-02 
 1.21000000e+00  4.15922472e-02 
 1.22000000e+00  3.93031684e-02 
 1.23000000e+00  3.58412467e-02 
 1.24000000e+00  3.19490583e-02 
 1.25000000e+00  2.80997010e-02 
 1.26000000e+00  2.45667996e-02 
 1.27000000e+00  2.14777664e-02 
 1.28000000e+00  1.88611551e-02 
 1.29000000e+00  1.66873415e-02 
 1.30000000e+00  1.48993028e-02 
 1.31000000e+00  1.34326331e-02 
 1.32000000e+00  1.22265068e-02 
 1.33000000e+00  1.12284194e-02 
 1.34000000e+00  1.03953005e-02 
 1.35000000e+00  9.69285753e-03 
 1.36000000e+00  9.09423071e-03 
 1.37000000e+00  8.57855561e-03 
 1.38000000e+00  8.12967355e-03 
 1.39000000e+00  7.73504750e-03 
 1.40000000e+00  7.38490686e-03 
 1.41000000e+00  7.07159989e-03 
 1.42000000e+00  6.78909289e-03 
 1.43000000e+00  6.53258601e-03 
 1.44000000e+00  6.29823210e-03 
 1.45000000e+00  6.08292189e-03 
 1.46000000e+00  5.88411704e-03 
 1.47000000e+00  5.69972898e-03 
 1.48000000e+00  5.52803214e-03 
 1.49000000e+00  5.36758025e-03 
 1.50000000e+00  5.21715286e-03 
 1.51000000e+00  5.07571665e-03 
 1.52000000e+00  4.94238622e-03 
 1.53000000e+00  4.81639894e-03 
 1.54000000e+00  4.69709181e-03 
 1.55000000e+00  4.58389316e-03 
 1.56000000e+00  4.47629837e-03 
 1.57000000e+00  4.37385835e-03 
 1.58000000e+00  4.27617977e-03 
 1.59000000e+00  4.18291242e-03 
 1.60000000e+00  4.09373980e-03 
 1.61000000e+00  4.00837656e-03 
 1.62000000e+00  3.92657364e-03 
 1.63000000e+00  3.84809948e-03 
 1.64000000e+00  3.77274051e-03 
 1.65000000e+00  3.70030911e-03 
 1.66000000e+00  3.63062840e-03 
 1.67000000e+00  3.56354095e-03 
 1.68000000e+00  3.49890058e-03 
 1.69000000e+00  3.43657009e-03 
 1.70000000e+00  3.37642531e-03 
 1.71000000e+00  3.31835042e-03 
 1.72000000e+00  3.26223625e-03 
 1.73000000e+00  3.20798528e-03 
 1.74000000e+00  3.15550761e-03 
 1.75000000e+00  3.10471505e-03 
 1.76000000e+00  3.05552705e-03 
 1.77000000e+00  3.00786469e-03 
 1.78000000e+00  2.96166331e-03 
 1.79000000e+00  2.91685702e-03 
 1.80000000e+00  2.87338045e-03 
 1.81000000e+00  2.83117449e-03 
 1.82000000e+00  2.79018525e-03 
 1.83000000e+00  2.75036749e-03 
 1.84000000e+00  2.71166181e-03 
 1.85000000e+00  2.67402307e-03 
 1.86000000e+00  2.63742267e-03 
 1.87000000e+00  2.60180804e-03 
 1.88000000e+00  2.56713686e-03 
 1.89000000e+00  2.53338026e-03 
 1.90000000e+00  2.50049916e-03 
 1.91000000e+00  2.46845692e-03 
 1.92000000e+00  2.43723229e-03 
 1.93000000e+00  2.40678823e-03 
 1.94000000e+00  2.37709460e-03 
 1.95000000e+00  2.34813099e-03 
 1.96000000e+00  2.31986570e-03 
 1.97000000e+00  2.29227587e-03 
 1.98000000e+00  2.26534072e-03 
 1.99000000e+00  2.23903475e-03 
 2.00000000e+00  2.21333762e-03 
 2.01000000e+00  2.18822835e-03 
 2.02000000e+00  2.16368767e-03 
 2.03000000e+00  2.13970009e-03 
 2.04000000e+00  2.11624355e-03 
 2.05000000e+00  2.09329689e-03 
 2.06000000e+00  2.07085434e-03 
 2.07000000e+00  2.04889564e-03 
 2.08000000e+00  2.02740111e-03 
 2.09000000e+00  2.00636355e-03 
 2.10000000e+00  1.98576584e-03 
 2.11000000e+00  1.96559665e-03 
 2.12000000e+00  1.94583929e-03 
 2.13000000e+00  1.92648248e-03 
 2.14000000e+00  1.90751809e-03 
 2.15000000e+00  1.88893115e-03 
 2.16000000e+00  1.87070965e-03 
 2.17000000e+00  1.85284534e-03 
 2.18000000e+00  1.83533044e-03 
 2.19000000e+00  1.81815182e-03 
 2.20000000e+00  1.80130129e-03 
 2.21000000e+00  1.78477052e-03 
 2.22000000e+00  1.76854729e-03 
 2.23000000e+00  1.75262808e-03 
 2.24000000e+00  1.73700391e-03 
 2.25000000e+00  1.72166533e-03 
 2.26000000e+00  1.70660581e-03 
 2.27000000e+00  1.69181477e-03 
 2.28000000e+00  1.67728245e-03 
 2.29000000e+00  1.66301616e-03 
 2.30000000e+00  1.64899762e-03 
 2.31000000e+00  1.63521539e-03 
 2.32000000e+00  1.62168253e-03 
 2.33000000e+00  1.60838307e-03 
 2.34000000e+00  1.59530114e-03 
 2.35000000e+00  1.58244524e-03 
 2.36000000e+00  1.56980668e-03 
 2.37000000e+00  1.55737092e-03 
 2.38000000e+00  1.54514079e-03 
 2.39000000e+00  1.53311463e-03 
 2.40000000e+00  1.52128565e-03 
 2.41000000e+00  1.50964060e-03 
 2.42000000e+00  1.49818468e-03 
 2.43000000e+00  1.48691649e-03 
 2.44000000e+00  1.47582023e-03 
 2.45000000e+00  1.46489728e-03 
 2.46000000e+00  1.45414206e-03 
 2.47000000e+00  1.44355531e-03 
 2.48000000e+00  1.43312797e-03 
 2.49000000e+00  1.42285918e-03 
 2.50000000e+00  1.41274757e-03 
 2.51000000e+00  1.40278453e-03 
 2.52000000e+00  1.39296954e-03 
 2.53000000e+00  1.38330235e-03 
 2.54000000e+00  1.37377182e-03 
 2.55000000e+00  1.36437222e-03 
 2.56000000e+00  1.35511699e-03 
 2.57000000e+00  1.34599066e-03 
 2.58000000e+00  1.33699587e-03 
 2.59000000e+00  1.32812101e-03 
 2.60000000e+00  1.31936937e-03 
 2.61000000e+00  1.31074756e-03 
 2.62000000e+00  1.30223117e-03 
 2.63000000e+00  1.29382895e-03 
 2.64000000e+00  1.28555360e-03 
 2.65000000e+00  1.27738149e-03 
 2.66000000e+00  1.26930349e-03 
 2.67000000e+00  1.26134236e-03 
 2.68000000e+00  1.25348486e-03 
 2.69000000e+00  1.24571188e-03 
 2.70000000e+00  1.23804731e-03 
 2.71000000e+00  1.23048012e-03 
 2.72000000e+00  1.22300107e-03 
 2.73000000e+00  1.21561569e-03 
 2.74000000e+00  1.20831533e-03 
 2.75000000e+00  1.20109602e-03 
 2.76000000e+00  1.19396180e-03 
 2.77000000e+00  1.18690997e-03 
 2.78000000e+00  1.17994100e-03 
 2.79000000e+00  1.17304767e-03 
 2.80000000e+00  1.16621632e-03 
 2.81000000e+00  1.15946407e-03 
 2.82000000e+00  1.15278634e-03 
 2.83000000e+00  1.14617470e-03 
 2.84000000e+00  1.13962494e-03 
 2.85000000e+00  1.13313594e-03 
 2.86000000e+00  1.12671096e-03 
 2.87000000e+00  1.12034191e-03 
 2.88000000e+00  1.11402667e-03 
 2.89000000e+00  1.10777062e-03 
 2.90000000e+00  1.10156392e-03 
 2.91000000e+00  1.09540591e-03 
 2.92000000e+00  1.08929205e-03 
 2.93000000e+00  1.08321699e-03 
 2.94000000e+00  1.07718839e-03 
 2.95000000e+00  1.07120034e-03 
 2.96000000e+00  1.06524571e-03 
 2.97000000e+00  1.05932381e-03 
 2.98000000e+00  1.05344588e-03 
 2.99000000e+00  1.04758771e-03 
 3.00000000e+00  1.04173773e-03 
 3.01000000e+00  1.03592529e-03 
 3.02000000e+00  1.03013385e-03 
 3.03000000e+00  1.02435247e-03 
 3.04000000e+00  1.01858857e-03 
 3.05000000e+00  1.01283883e-03 
 3.06000000e+00  1.00709276e-03 
 3.07000000e+00  1.00135124e-03 
 3.08000000e+00  9.95609753e-04 
 3.09000000e+00  9.89854556e-04 
 3.10000000e+00  9.84109351e-04 
 3.11000000e+00  9.78351465e-04 
 3.12000000e+00  9.72576006e-04 
 3.13000000e+00  9.66788770e-04 
 3.14000000e+00  9.60974801e-04 
 3.15000000e+00  9.55133290e-04 
 3.16000000e+00  9.49267586e-04 
 3.17000000e+00  9.43369016e-04 
 3.18000000e+00  9.37429142e-04 
 3.19000000e+00  9.31444341e-04 
 3.20000000e+00  9.25418295e-04 
 3.21000000e+00  9.19343584e-04 
 3.22000000e+00  9.13205756e-04 
 3.23000000e+00  9.07012670e-04 
 3.24000000e+00  9.00747888e-04 
 3.25000000e+00  8.94410153e-04 
 3.26000000e+00  8.88003277e-04 
 3.27000000e+00  8.81508464e-04 
 3.28000000e+00  8.74917622e-04 
 3.29000000e+00  8.68244549e-04 
 3.30000000e+00  8.61471569e-04 
 3.31000000e+00  8.54583532e-04 
 3.32000000e+00  8.47584383e-04 
 3.33000000e+00  8.40469365e-04 
 3.34000000e+00  8.33229178e-04 
 3.35000000e+00  8.25856041e-04 
 3.36000000e+00  8.18334913e-04 
 3.37000000e+00  8.10667128e-04 
 3.38000000e+00  8.02855945e-04 
 3.39000000e+00  7.94874805e-04 
 3.40000000e+00  7.86718457e-04 
 3.41000000e+00  7.78389463e-04 
 3.42000000e+00  7.69872970e-04 
 3.43000000e+00  7.61153719e-04 
 3.44000000e+00  7.52231889e-04 
 3.45000000e+00  7.43105654e-04 
 3.46000000e+00  7.33741403e-04 
 3.47000000e+00  7.24150356e-04 
 3.48000000e+00  7.14320760e-04 
 3.49000000e+00  7.04236310e-04 
 3.50000000e+00  6.93885739e-04 
 3.51000000e+00  6.83259333e-04 
 3.52000000e+00  6.72351950e-04 
 3.53000000e+00  6.61147023e-04 
 3.54000000e+00  6.49636338e-04 
 3.55000000e+00  6.37803774e-04 
 3.56000000e+00  6.25643463e-04 
 3.57000000e+00  6.13137191e-04 
 3.58000000e+00  6.00273423e-04 
 3.59000000e+00  5.87041561e-04 
 3.60000000e+00  5.73428099e-04 
 3.61000000e+00  5.59416822e-04 
 3.62000000e+00  5.44993840e-04 
 3.63000000e+00  5.30145289e-04 
 3.64000000e+00  5.14862415e-04 
 3.65000000e+00  4.99120266e-04 
 3.66000000e+00  4.82910899e-04 
 3.67000000e+00  4.66218068e-04 
 3.68000000e+00  4.49018653e-04 
 3.69000000e+00  4.31307495e-04 
 3.70000000e+00  4.13059358e-04 
 3.71000000e+00  3.94253825e-04 
 3.72000000e+00  3.74883537e-04 
 3.73000000e+00  3.54932469e-04 
 3.74000000e+00  3.34367109e-04 
 3.75000000e+00  3.13174702e-04 
 3.76000000e+00  2.91340764e-04 
 3.77000000e+00  2.68848990e-04 
 3.78000000e+00  2.45671843e-04 
 3.79000000e+00  2.21788265e-04 
 3.80000000e+00  1.97175053e-04 
 3.81000000e+00  1.71822776e-04 
 3.82000000e+00  1.45706389e-04 
 3.83000000e+00  1.18792055e-04 
 3.84000000e+00  9.10654462e-05 
 3.85000000e+00  6.25059895e-05 
 3.86000000e+00  3.30878052e-05 
 3.87000000e+00  2.78479852e-06 
 3.88000000e+00  2.84273274e-05 
 3.89000000e+00  6.05736783e-05 
 3.90000000e+00  9.36781797e-05 
 3.91000000e+00  1.27767588e-04 
 3.92000000e+00  1.62862536e-04 
 3.93000000e+00  1.99005092e-04 
 3.94000000e+00  2.36212747e-04 
 3.95000000e+00  2.74508114e-04 
 3.96000000e+00  3.13932056e-04 
 3.97000000e+00  3.54497700e-04 
 3.98000000e+00  3.96250508e-04 
 3.99000000e+00  4.39225139e-04 
 4.00000000e+00  4.83428366e-04 
 4.01000000e+00  5.28905668e-04 
 4.02000000e+00  5.75691303e-04 
 4.03000000e+00  6.23817710e-04 
 4.04000000e+00  6.73315154e-04 
 4.05000000e+00  7.24209217e-04 
 4.06000000e+00  7.76543163e-04 
 4.07000000e+00  8.30358404e-04 
 4.08000000e+00  8.85672323e-04 
 4.09000000e+00  9.42528238e-04 
 4.10000000e+00  1.00097136e-03 
 4.11000000e+00  1.06103286e-03 
 4.12000000e+00  1.12274350e-03 
 4.13000000e+00  1.18614524e-03 
 4.14000000e+00  1.25128086e-03 
 4.15000000e+00  1.31818496e-03 
 4.16000000e+00  1.38690097e-03 
 4.17000000e+00  1.45747190e-03 
 4.18000000e+00  1.52993466e-03 
 4.19000000e+00  1.60432556e-03 
 4.20000000e+00  1.68069572e-03 
 4.21000000e+00  1.75908837e-03 
 4.22000000e+00  1.83954369e-03 
 4.23000000e+00  1.92210491e-03 
 4.24000000e+00  2.00681903e-03 
 4.25000000e+00  2.09373368e-03 
 4.26000000e+00  2.18288794e-03 
 4.27000000e+00  2.27433378e-03 
 4.28000000e+00  2.36812184e-03 
 4.29000000e+00  2.46429631e-03 
 4.30000000e+00  2.56290263e-03 
 4.31000000e+00  2.66398988e-03 
 4.32000000e+00  2.76761756e-03 
 4.33000000e+00  2.87383361e-03 
 4.34000000e+00  2.98268534e-03 
 4.35000000e+00  3.09422151e-03 
 4.36000000e+00  3.20850052e-03 
 4.37000000e+00  3.32557485e-03 
 4.38000000e+00  3.44549528e-03 
 4.39000000e+00  3.56832217e-03 
 4.40000000e+00  3.69410695e-03 
 4.41000000e+00  3.82290060e-03 
 4.42000000e+00  3.95476808e-03 
 4.43000000e+00  4.08976599e-03 
 4.44000000e+00  4.22794634e-03 
 4.45000000e+00  4.36937016e-03 
 4.46000000e+00  4.51409524e-03 
 4.47000000e+00  4.66218363e-03 
 4.48000000e+00  4.81369783e-03 
 4.49000000e+00  4.96869476e-03 
 4.50000000e+00  5.12723615e-03 
 4.51000000e+00  5.28938286e-03 
 4.52000000e+00  5.45520332e-03 
 4.53000000e+00  5.62475642e-03 
 4.54000000e+00  5.79810610e-03 
 4.55000000e+00  5.97531929e-03 
 4.56000000e+00  6.15645695e-03 
 4.57000000e+00  6.34159268e-03 
 4.58000000e+00  6.53078851e-03 
 4.59000000e+00  6.72411014e-03 
 4.60000000e+00  6.92162588e-03 
 4.61000000e+00  7.12340759e-03 
 4.62000000e+00  7.32951966e-03 
 4.63000000e+00  7.54003024e-03 
 4.64000000e+00  7.75501619e-03 
 4.65000000e+00  7.97454383e-03 
 4.66000000e+00  8.19868336e-03 
 4.67000000e+00  8.42750673e-03 
 4.68000000e+00  8.66108911e-03 
 4.69000000e+00  8.89950203e-03 
 4.70000000e+00  9.14281416e-03 
 4.71000000e+00  9.39110442e-03 
 4.72000000e+00  9.64444659e-03 
 4.73000000e+00  9.90291450e-03 
 4.74000000e+00  1.01665824e-02 
 4.75000000e+00  1.04355255e-02 
 4.76000000e+00  1.07098223e-02 
 4.77000000e+00  1.09895478e-02 
 4.78000000e+00  1.12747829e-02 
 4.79000000e+00  1.15656001e-02 
 4.80000000e+00  1.18620772e-02 
 4.81000000e+00  1.21642948e-02 
 4.82000000e+00  1.24723325e-02 
 4.83000000e+00  1.27862689e-02 
 4.84000000e+00  1.31061815e-02 
 4.85000000e+00  1.34321531e-02 
 4.86000000e+00  1.37642612e-02 
 4.87000000e+00  1.41025869e-02 
 4.88000000e+00  1.44472125e-02 
 4.89000000e+00  1.47982184e-02 
 4.90000000e+00  1.51556844e-02 
 4.91000000e+00  1.55196937e-02 
 4.92000000e+00  1.58903302e-02 
 4.93000000e+00  1.62676724e-02 
 4.94000000e+00  1.66518043e-02 
 4.95000000e+00  1.70428101e-02 
 4.96000000e+00  1.74407700e-02 
 4.97000000e+00  1.78457678e-02 
 4.98000000e+00  1.82578874e-02 
 4.99000000e+00  1.86772116e-02 
 5.00000000e+00  1.91000378e-02 
