 1.00000000e-02  8.17890260e-15 
 2.00000000e-02  1.63632471e-14 
 3.00000000e-02  2.45521794e-14 
 4.00000000e-02  3.27490563e-14 
 5.00000000e-02  4.09619908e-14 
 6.00000000e-02  4.92019004e-14 
 7.00000000e-02  5.74806313e-14 
 8.00000000e-02  6.58104947e-14 
 9.00000000e-02  7.42046546e-14 
 1.00000000e-01  8.26776990e-14 
 1.10000000e-01  9.12461565e-14 
 1.20000000e-01  9.99289390e-14 
 1.30000000e-01  1.08747735e-13 
 1.40000000e-01  1.17727377e-13 
 1.50000000e-01  1.26896207e-13 
 1.60000000e-01  1.36286443e-13 
 1.70000000e-01  1.45934571e-13 
 1.80000000e-01  1.55881767e-13 
 1.90000000e-01  1.66174352e-13 
 2.00000000e-01  1.76864319e-13 
 2.10000000e-01  1.88009939e-13 
 2.20000000e-01  1.99676504e-13 
 2.30000000e-01  2.11937257e-13 
 2.40000000e-01  2.24874588e-13 
 2.50000000e-01  2.38581544e-13 
 2.60000000e-01  2.53163717e-13 
 2.70000000e-01  2.68741528e-13 
 2.80000000e-01  2.85452933e-13 
 2.90000000e-01  3.03456629e-13 
 3.00000000e-01  3.22935933e-13 
 3.10000000e-01  3.44103767e-13 
 3.20000000e-01  3.67209382e-13 
 3.30000000e-01  3.92547815e-13 
 3.40000000e-01  4.20473180e-13 
 3.50000000e-01  4.51416989e-13 
 3.60000000e-01  4.85912544e-13 
 3.70000000e-01  5.24626435e-13 
 3.80000000e-01  5.68398560e-13 
 3.90000000e-01  6.18293543e-13 
 4.00000000e-01  6.75669298e-13 
 4.10000000e-01  7.42273520e-13 
 4.20000000e-01  8.20386567e-13 
 4.30000000e-01  9.13041603e-13 
 4.40000000e-01  1.02437405e-12 
 4.50000000e-01  1.16018989e-12 
 4.60000000e-01  1.32890606e-12 
 4.70000000e-01  1.54310853e-12 
 4.80000000e-01  1.82203728e-12 
 4.90000000e-01  2.19503178e-12 
 5.00000000e-01  2.70449607e-12 
 5.10000000e-01  3.40418673e-12 
 5.20000000e-01  4.35109973e-12 
 5.30000000e-01  5.60057996e-12 
 5.40000000e-01  7.21138174e-12 
 5.50000000e-01  9.25530632e-12 
 5.60000000e-01  1.18257901e-11 
 5.70000000e-01  1.50436648e-11 
 5.80000000e-01  1.90620133e-11 
 5.90000000e-01  2.40723885e-11 
 6.00000000e-01  3.03131447e-11 
 6.10000000e-01  3.80800205e-11 
 6.20000000e-01  4.77392795e-11 
 6.30000000e-01  5.97438958e-11 
 6.40000000e-01  7.46533989e-11 
 6.50000000e-01  9.31581159e-11 
 6.60000000e-01  1.16108697e-10 
 6.70000000e-01  1.44551965e-10 
 6.80000000e-01  1.79774316e-10 
 6.90000000e-01  2.23354083e-10 
 7.00000000e-01  2.77224482e-10 
 7.10000000e-01  3.43748997e-10 
 7.20000000e-01  4.25811247e-10 
 7.30000000e-01  5.26921597e-10 
 7.40000000e-01  6.51342956e-10 
 7.50000000e-01  8.04238246e-10 
 7.60000000e-01  9.91842073e-10 
 7.70000000e-01  1.22165885e-09 
 7.80000000e-01  1.50268921e-09 
 7.90000000e-01  1.84568554e-09 
 8.00000000e-01  2.26343624e-09 
 8.10000000e-01  2.77107594e-09 
 8.20000000e-01  3.38641614e-09 
 8.30000000e-01  4.13028653e-09 
 8.40000000e-01  5.02687217e-09 
 8.50000000e-01  6.10402570e-09 
 8.60000000e-01  7.39352627e-09 
 8.70000000e-01  8.93124969e-09 
 8.80000000e-01  1.07572066e-08 
 8.90000000e-01  1.29153996e-08 
 9.00000000e-01  1.54534475e-08 
 9.10000000e-01  1.84219257e-08 
 9.20000000e-01  2.18733796e-08 
 9.30000000e-01  2.58609815e-08 
 9.40000000e-01  3.04368166e-08 
 9.50000000e-01  3.56497995e-08 
 9.60000000e-01  4.15432296e-08 
 9.70000000e-01  4.81519830e-08 
 9.80000000e-01  5.54993065e-08 
 9.90000000e-01  6.35931142e-08 
 1.00000000e+00  7.24215867e-08 
 1.01000000e+00  8.19477242e-08 
 1.02000000e+00  9.21023106e-08 
 1.03000000e+00  1.02774516e-07 
 1.04000000e+00  1.13799232e-07 
 1.05000000e+00  1.24940554e-07 
 1.06000000e+00  1.35872889e-07 
 1.07000000e+00  1.46167811e-07 
 1.08000000e+00  1.55311018e-07 
 1.09000000e+00  1.62795684e-07 
 1.10000000e+00  1.68317923e-07 
 1.11000000e+00  1.71958349e-07 
 1.12000000e+00  1.74130350e-07 
 1.13000000e+00  1.75331053e-07 
 1.14000000e+00  1.75954457e-07 
 1.15000000e+00  1.76252646e-07 
 1.16000000e+00  1.76371043e-07 
 1.17000000e+00  1.76390813e-07 
 1.18000000e+00  1.76357502e-07 
 1.19000000e+00  1.76297221e-07 
 1.20000000e+00  1.76225265e-07 
 1.21000000e+00  1.76150682e-07 
 1.22000000e+00  1.76078735e-07 
 1.23000000e+00  1.76012273e-07 
 1.24000000e+00  1.75952565e-07 
 1.25000000e+00  1.75899843e-07 
 1.26000000e+00  1.75853710e-07 
 1.27000000e+00  1.75813440e-07 
 1.28000000e+00  1.75778189e-07 
 1.29000000e+00  1.75747132e-07 
 1.30000000e+00  1.75719534e-07 
 1.31000000e+00  1.75694770e-07 
 1.32000000e+00  1.75672333e-07 
 1.33000000e+00  1.75651813e-07 
 1.34000000e+00  1.75632887e-07 
 1.35000000e+00  1.75615298e-07 
 1.36000000e+00  1.75598843e-07 
 1.37000000e+00  1.75583359e-07 
 1.38000000e+00  1.75568717e-07 
 1.39000000e+00  1.75554813e-07 
 1.40000000e+00  1.75541559e-07 
 1.41000000e+00  1.75528886e-07 
 1.42000000e+00  1.75516734e-07 
 1.43000000e+00  1.75505054e-07 
 1.44000000e+00  1.75493804e-07 
 1.45000000e+00  1.75482948e-07 
 1.46000000e+00  1.75472455e-07 
 1.47000000e+00  1.75462298e-07 
 1.48000000e+00  1.75452453e-07 
 1.49000000e+00  1.75442899e-07 
 1.50000000e+00  1.75433619e-07 
 1.51000000e+00  1.75424594e-07 
 1.52000000e+00  1.75415811e-07 
 1.53000000e+00  1.75407255e-07 
 1.54000000e+00  1.75398914e-07 
 1.55000000e+00  1.75390777e-07 
 1.56000000e+00  1.75382835e-07 
 1.57000000e+00  1.75375076e-07 
 1.58000000e+00  1.75367493e-07 
 1.59000000e+00  1.75360078e-07 
 1.60000000e+00  1.75352823e-07 
 1.61000000e+00  1.75345721e-07 
 1.62000000e+00  1.75338766e-07 
 1.63000000e+00  1.75331951e-07 
 1.64000000e+00  1.75325272e-07 
 1.65000000e+00  1.75318722e-07 
 1.66000000e+00  1.75312297e-07 
 1.67000000e+00  1.75305992e-07 
 1.68000000e+00  1.75299803e-07 
 1.69000000e+00  1.75293725e-07 
 1.70000000e+00  1.75287755e-07 
 1.71000000e+00  1.75281888e-07 
 1.72000000e+00  1.75276122e-07 
 1.73000000e+00  1.75270453e-07 
 1.74000000e+00  1.75264877e-07 
 1.75000000e+00  1.75259392e-07 
 1.76000000e+00  1.75253994e-07 
 1.77000000e+00  1.75248682e-07 
 1.78000000e+00  1.75243452e-07 
 1.79000000e+00  1.75238301e-07 
 1.80000000e+00  1.75233229e-07 
 1.81000000e+00  1.75228231e-07 
 1.82000000e+00  1.75223307e-07 
 1.83000000e+00  1.75218453e-07 
 1.84000000e+00  1.75213668e-07 
 1.85000000e+00  1.75208951e-07 
 1.86000000e+00  1.75204298e-07 
 1.87000000e+00  1.75199709e-07 
 1.88000000e+00  1.75195181e-07 
 1.89000000e+00  1.75190714e-07 
 1.90000000e+00  1.75186305e-07 
 1.91000000e+00  1.75181953e-07 
 1.92000000e+00  1.75177656e-07 
 1.93000000e+00  1.75173414e-07 
 1.94000000e+00  1.75169224e-07 
 1.95000000e+00  1.75165086e-07 
 1.96000000e+00  1.75160998e-07 
 1.97000000e+00  1.75156959e-07 
 1.98000000e+00  1.75152968e-07 
 1.99000000e+00  1.75149023e-07 
 2.00000000e+00  1.75145125e-07 
 2.01000000e+00  1.75141270e-07 
 2.02000000e+00  1.75137460e-07 
 2.03000000e+00  1.75133691e-07 
 2.04000000e+00  1.75129965e-07 
 2.05000000e+00  1.75126279e-07 
 2.06000000e+00  1.75122633e-07 
 2.07000000e+00  1.75119026e-07 
 2.08000000e+00  1.75115457e-07 
 2.09000000e+00  1.75111925e-07 
 2.10000000e+00  1.75108430e-07 
 2.11000000e+00  1.75104971e-07 
 2.12000000e+00  1.75101547e-07 
 2.13000000e+00  1.75098157e-07 
 2.14000000e+00  1.75094800e-07 
 2.15000000e+00  1.75091477e-07 
 2.16000000e+00  1.75088185e-07 
 2.17000000e+00  1.75084926e-07 
 2.18000000e+00  1.75081697e-07 
 2.19000000e+00  1.75078499e-07 
 2.20000000e+00  1.75075331e-07 
 2.21000000e+00  1.75072192e-07 
 2.22000000e+00  1.75069082e-07 
 2.23000000e+00  1.75066000e-07 
 2.24000000e+00  1.75062945e-07 
 2.25000000e+00  1.75059918e-07 
 2.26000000e+00  1.75056917e-07 
 2.27000000e+00  1.75053943e-07 
 2.28000000e+00  1.75050994e-07 
 2.29000000e+00  1.75048071e-07 
 2.30000000e+00  1.75045172e-07 
 2.31000000e+00  1.75042298e-07 
 2.32000000e+00  1.75039447e-07 
 2.33000000e+00  1.75036620e-07 
 2.34000000e+00  1.75033817e-07 
 2.35000000e+00  1.75031036e-07 
 2.36000000e+00  1.75028277e-07 
 2.37000000e+00  1.75025541e-07 
 2.38000000e+00  1.75022826e-07 
 2.39000000e+00  1.75020132e-07 
 2.40000000e+00  1.75017459e-07 
 2.41000000e+00  1.75014807e-07 
 2.42000000e+00  1.75012175e-07 
 2.43000000e+00  1.75009563e-07 
 2.44000000e+00  1.75006970e-07 
 2.45000000e+00  1.75004397e-07 
 2.46000000e+00  1.75001843e-07 
 2.47000000e+00  1.74999308e-07 
 2.48000000e+00  1.74996791e-07 
 2.49000000e+00  1.74994292e-07 
 2.50000000e+00  1.74991811e-07 
 2.51000000e+00  1.74989347e-07 
 2.52000000e+00  1.74986901e-07 
 2.53000000e+00  1.74984472e-07 
 2.54000000e+00  1.74982060e-07 
 2.55000000e+00  1.74979665e-07 
 2.56000000e+00  1.74977286e-07 
 2.57000000e+00  1.74974922e-07 
 2.58000000e+00  1.74972575e-07 
 2.59000000e+00  1.74970244e-07 
 2.60000000e+00  1.74967928e-07 
 2.61000000e+00  1.74965627e-07 
 2.62000000e+00  1.74963341e-07 
 2.63000000e+00  1.74961070e-07 
 2.64000000e+00  1.74958814e-07 
 2.65000000e+00  1.74956572e-07 
 2.66000000e+00  1.74954344e-07 
 2.67000000e+00  1.74952130e-07 
 2.68000000e+00  1.74949930e-07 
 2.69000000e+00  1.74947744e-07 
 2.70000000e+00  1.74945572e-07 
 2.71000000e+00  1.74943412e-07 
 2.72000000e+00  1.74941266e-07 
 2.73000000e+00  1.74939133e-07 
 2.74000000e+00  1.74937013e-07 
 2.75000000e+00  1.74934906e-07 
 2.76000000e+00  1.74932811e-07 
 2.77000000e+00  1.74930728e-07 
 2.78000000e+00  1.74928658e-07 
 2.79000000e+00  1.74926600e-07 
 2.80000000e+00  1.74924554e-07 
 2.81000000e+00  1.74922520e-07 
 2.82000000e+00  1.74920498e-07 
 2.83000000e+00  1.74918487e-07 
 2.84000000e+00  1.74916488e-07 
 2.85000000e+00  1.74914501e-07 
 2.86000000e+00  1.74912524e-07 
 2.87000000e+00  1.74910559e-07 
 2.88000000e+00  1.74908605e-07 
 2.89000000e+00  1.74906662e-07 
 2.90000000e+00  1.74904730e-07 
 2.91000000e+00  1.74902809e-07 
 2.92000000e+00  1.74900898e-07 
 2.93000000e+00  1.74898998e-07 
 2.94000000e+00  1.74897109e-07 
 2.95000000e+00  1.74895230e-07 
 2.96000000e+00  1.74893362e-07 
 2.97000000e+00  1.74891504e-07 
 2.98000000e+00  1.74889657e-07 
 2.99000000e+00  1.74887820e-07 
 3.00000000e+00  1.74885993e-07 
 3.01000000e+00  1.74884176e-07 
 3.02000000e+00  1.74882369e-07 
 3.03000000e+00  1.74880573e-07 
 3.04000000e+00  1.74878786e-07 
 3.05000000e+00  1.74877010e-07 
 3.06000000e+00  1.74875244e-07 
 3.07000000e+00  1.74873488e-07 
 3.08000000e+00  1.74871742e-07 
 3.09000000e+00  1.74870006e-07 
 3.10000000e+00  1.74868280e-07 
 3.11000000e+00  1.74866564e-07 
 3.12000000e+00  1.74864858e-07 
 3.13000000e+00  1.74863163e-07 
 3.14000000e+00  1.74861477e-07 
 3.15000000e+00  1.74859802e-07 
 3.16000000e+00  1.74858137e-07 
 3.17000000e+00  1.74856482e-07 
 3.18000000e+00  1.74854838e-07 
 3.19000000e+00  1.74853204e-07 
 3.20000000e+00  1.74851580e-07 
 3.21000000e+00  1.74849968e-07 
 3.22000000e+00  1.74848366e-07 
 3.23000000e+00  1.74846774e-07 
 3.24000000e+00  1.74845194e-07 
 3.25000000e+00  1.74843624e-07 
 3.26000000e+00  1.74842066e-07 
 3.27000000e+00  1.74840519e-07 
 3.28000000e+00  1.74838984e-07 
 3.29000000e+00  1.74837460e-07 
 3.30000000e+00  1.74835948e-07 
 3.31000000e+00  1.74834447e-07 
 3.32000000e+00  1.74832959e-07 
 3.33000000e+00  1.74831484e-07 
 3.34000000e+00  1.74830021e-07 
 3.35000000e+00  1.74828570e-07 
 3.36000000e+00  1.74827133e-07 
 3.37000000e+00  1.74825709e-07 
 3.38000000e+00  1.74824298e-07 
 3.39000000e+00  1.74822902e-07 
 3.40000000e+00  1.74821519e-07 
 3.41000000e+00  1.74820151e-07 
 3.42000000e+00  1.74818798e-07 
 3.43000000e+00  1.74817459e-07 
 3.44000000e+00  1.74816136e-07 
 3.45000000e+00  1.74814829e-07 
 3.46000000e+00  1.74813538e-07 
 3.47000000e+00  1.74812264e-07 
 3.48000000e+00  1.74811006e-07 
 3.49000000e+00  1.74809766e-07 
 3.50000000e+00  1.74808544e-07 
 3.51000000e+00  1.74807341e-07 
 3.52000000e+00  1.74806156e-07 
 3.53000000e+00  1.74804990e-07 
 3.54000000e+00  1.74803844e-07 
 3.55000000e+00  1.74802719e-07 
 3.56000000e+00  1.74801614e-07 
 3.57000000e+00  1.74800531e-07 
 3.58000000e+00  1.74799471e-07 
 3.59000000e+00  1.74798433e-07 
 3.60000000e+00  1.74797418e-07 
 3.61000000e+00  1.74796428e-07 
 3.62000000e+00  1.74795463e-07 
 3.63000000e+00  1.74794523e-07 
 3.64000000e+00  1.74793609e-07 
 3.65000000e+00  1.74792723e-07 
 3.66000000e+00  1.74791865e-07 
 3.67000000e+00  1.74791035e-07 
 3.68000000e+00  1.74790235e-07 
 3.69000000e+00  1.74789465e-07 
 3.70000000e+00  1.74788727e-07 
 3.71000000e+00  1.74788021e-07 
 3.72000000e+00  1.74787349e-07 
 3.73000000e+00  1.74786711e-07 
 3.74000000e+00  1.74786108e-07 
 3.75000000e+00  1.74785542e-07 
 3.76000000e+00  1.74785013e-07 
 3.77000000e+00  1.74784523e-07 
 3.78000000e+00  1.74784073e-07 
 3.79000000e+00  1.74783665e-07 
 3.80000000e+00  1.74783298e-07 
 3.81000000e+00  1.74782975e-07 
 3.82000000e+00  1.74782698e-07 
 3.83000000e+00  1.74782466e-07 
 3.84000000e+00  1.74782282e-07 
 3.85000000e+00  1.74782148e-07 
 3.86000000e+00  1.74782064e-07 
 3.87000000e+00  1.74782032e-07 
 3.88000000e+00  1.74782054e-07 
 3.89000000e+00  1.74782131e-07 
 3.90000000e+00  1.74782266e-07 
 3.91000000e+00  1.74782459e-07 
 3.92000000e+00  1.74782712e-07 
 3.93000000e+00  1.74783028e-07 
 3.94000000e+00  1.74783408e-07 
 3.95000000e+00  1.74783854e-07 
 3.96000000e+00  1.74784368e-07 
 3.97000000e+00  1.74784951e-07 
 3.98000000e+00  1.74785607e-07 
 3.99000000e+00  1.74786337e-07 
 4.00000000e+00  1.74787142e-07 
 4.01000000e+00  1.74788026e-07 
 4.02000000e+00  1.74788991e-07 
 4.03000000e+00  1.74790039e-07 
 4.04000000e+00  1.74791172e-07 
 4.05000000e+00  1.74792393e-07 
 4.06000000e+00  1.74793704e-07 
 4.07000000e+00  1.74795107e-07 
 4.08000000e+00  1.74796607e-07 
 4.09000000e+00  1.74798204e-07 
 4.10000000e+00  1.74799902e-07 
 4.11000000e+00  1.74801703e-07 
 4.12000000e+00  1.74803611e-07 
 4.13000000e+00  1.74805628e-07 
 4.14000000e+00  1.74807758e-07 
 4.15000000e+00  1.74810003e-07 
 4.16000000e+00  1.74812367e-07 
 4.17000000e+00  1.74814852e-07 
 4.18000000e+00  1.74817462e-07 
 4.19000000e+00  1.74820201e-07 
 4.20000000e+00  1.74823072e-07 
 4.21000000e+00  1.74826078e-07 
 4.22000000e+00  1.74829222e-07 
 4.23000000e+00  1.74832510e-07 
 4.24000000e+00  1.74835943e-07 
 4.25000000e+00  1.74839527e-07 
 4.26000000e+00  1.74843265e-07 
 4.27000000e+00  1.74847160e-07 
 4.28000000e+00  1.74851218e-07 
 4.29000000e+00  1.74855442e-07 
 4.30000000e+00  1.74859836e-07 
 4.31000000e+00  1.74864405e-07 
 4.32000000e+00  1.74869153e-07 
 4.33000000e+00  1.74874084e-07 
 4.34000000e+00  1.74879204e-07 
 4.35000000e+00  1.74884516e-07 
 4.36000000e+00  1.74890026e-07 
 4.37000000e+00  1.74895739e-07 
 4.38000000e+00  1.74901659e-07 
 4.39000000e+00  1.74907791e-07 
 4.40000000e+00  1.74914141e-07 
 4.41000000e+00  1.74920714e-07 
 4.42000000e+00  1.74927516e-07 
 4.43000000e+00  1.74934550e-07 
 4.44000000e+00  1.74941824e-07 
 4.45000000e+00  1.74949343e-07 
 4.46000000e+00  1.74957113e-07 
 4.47000000e+00  1.74965139e-07 
 4.48000000e+00  1.74973427e-07 
 4.49000000e+00  1.74981984e-07 
 4.50000000e+00  1.74990816e-07 
 4.51000000e+00  1.74999928e-07 
 4.52000000e+00  1.75009329e-07 
 4.53000000e+00  1.75019023e-07 
 4.54000000e+00  1.75029017e-07 
 4.55000000e+00  1.75039319e-07 
 4.56000000e+00  1.75049936e-07 
 4.57000000e+00  1.75060873e-07 
 4.58000000e+00  1.75072139e-07 
 4.59000000e+00  1.75083740e-07 
 4.60000000e+00  1.75095685e-07 
 4.61000000e+00  1.75107979e-07 
 4.62000000e+00  1.75120632e-07 
 4.63000000e+00  1.75133650e-07 
 4.64000000e+00  1.75147042e-07 
 4.65000000e+00  1.75160816e-07 
 4.66000000e+00  1.75174979e-07 
 4.67000000e+00  1.75189540e-07 
 4.68000000e+00  1.75204507e-07 
 4.69000000e+00  1.75219889e-07 
 4.70000000e+00  1.75235694e-07 
 4.71000000e+00  1.75251932e-07 
 4.72000000e+00  1.75268611e-07 
 4.73000000e+00  1.75285739e-07 
 4.74000000e+00  1.75303327e-07 
 4.75000000e+00  1.75321384e-07 
 4.76000000e+00  1.75339919e-07 
 4.77000000e+00  1.75358941e-07 
 4.78000000e+00  1.75378461e-07 
 4.79000000e+00  1.75398488e-07 
 4.80000000e+00  1.75419033e-07 
 4.81000000e+00  1.75440105e-07 
 4.82000000e+00  1.75461715e-07 
 4.83000000e+00  1.75483873e-07 
 4.84000000e+00  1.75506591e-07 
 4.85000000e+00  1.75529878e-07 
 4.86000000e+00  1.75553746e-07 
 4.87000000e+00  1.75578205e-07 
 4.88000000e+00  1.75603268e-07 
 4.89000000e+00  1.75628945e-07 
 4.90000000e+00  1.75655248e-07 
 4.91000000e+00  1.75682188e-07 
 4.92000000e+00  1.75709778e-07 
 4.93000000e+00  1.75738030e-07 
 4.94000000e+00  1.75766955e-07 
 4.95000000e+00  1.75796567e-07 
 4.96000000e+00  1.75826877e-07 
 4.97000000e+00  1.75857898e-07 
 4.98000000e+00  1.75889643e-07 
 4.99000000e+00  1.75922125e-07 
 5.00000000e+00  1.75955358e-07 
