-4.00000000e+01  1.61519239e-07 
-3.90000000e+01  1.61656236e-07 
-3.80000000e+01  1.61965146e-07 
-3.70000000e+01  1.62186752e-07 
-3.60000000e+01  1.62407494e-07 
-3.50000000e+01  1.62627375e-07 
-3.40000000e+01  1.62846400e-07 
-3.30000000e+01  1.63064575e-07 
-3.20000000e+01  1.63281910e-07 
-3.10000000e+01  1.63498411e-07 
-3.00000000e+01  1.63714086e-07 
-2.90000000e+01  1.63928942e-07 
-2.80000000e+01  1.64142986e-07 
-2.70000000e+01  1.64356225e-07 
-2.60000000e+01  1.64568666e-07 
-2.50000000e+01  1.64780317e-07 
-2.40000000e+01  1.64991183e-07 
-2.30000000e+01  1.65201271e-07 
-2.20000000e+01  1.65410589e-07 
-2.10000000e+01  1.65619141e-07 
-2.00000000e+01  1.65826935e-07 
-1.90000000e+01  1.66033976e-07 
-1.80000000e+01  1.66240272e-07 
-1.70000000e+01  1.66445827e-07 
-1.60000000e+01  1.66650648e-07 
-1.50000000e+01  1.66854740e-07 
-1.40000000e+01  1.67058110e-07 
-1.30000000e+01  1.67260762e-07 
-1.20000000e+01  1.67462704e-07 
-1.10000000e+01  1.67663939e-07 
-1.00000000e+01  1.67864474e-07 
-9.00000000e+00  1.68064314e-07 
-8.00000000e+00  1.68263464e-07 
-7.00000000e+00  1.68461929e-07 
-6.00000000e+00  1.68659715e-07 
-5.00000000e+00  1.68856827e-07 
-4.00000000e+00  1.69053270e-07 
-3.00000000e+00  1.69249048e-07 
-2.00000000e+00  1.69444167e-07 
-1.00000000e+00  1.69638631e-07 
 0.00000000e+00  1.69832446e-07 
 1.00000000e+00  1.70025616e-07 
 2.00000000e+00  1.70218145e-07 
 3.00000000e+00  1.70410038e-07 
 4.00000000e+00  1.70601301e-07 
 5.00000000e+00  1.70791937e-07 
 6.00000000e+00  1.70981951e-07 
 7.00000000e+00  1.71171347e-07 
 8.00000000e+00  1.71360129e-07 
 9.00000000e+00  1.71548303e-07 
 1.00000000e+01  1.71735872e-07 
 1.10000000e+01  1.71922840e-07 
 1.20000000e+01  1.72109212e-07 
 1.30000000e+01  1.72294992e-07 
 1.40000000e+01  1.72480184e-07 
 1.50000000e+01  1.72664791e-07 
 1.60000000e+01  1.72848819e-07 
 1.70000000e+01  1.73032271e-07 
 1.80000000e+01  1.73215150e-07 
 1.90000000e+01  1.73397461e-07 
 2.00000000e+01  1.73579208e-07 
 2.10000000e+01  1.73760394e-07 
 2.20000000e+01  1.73941023e-07 
 2.30000000e+01  1.74121100e-07 
 2.40000000e+01  1.74300627e-07 
 2.50000000e+01  1.74479608e-07 
 2.60000000e+01  1.74658047e-07 
 2.70000000e+01  1.74835948e-07 
 2.80000000e+01  1.75013313e-07 
 2.90000000e+01  1.75190148e-07 
 3.00000000e+01  1.75366454e-07 
 3.10000000e+01  1.75542237e-07 
 3.20000000e+01  1.75717498e-07 
 3.30000000e+01  1.75892242e-07 
 3.40000000e+01  1.76066471e-07 
 3.50000000e+01  1.76240190e-07 
 3.60000000e+01  1.76413401e-07 
 3.70000000e+01  1.76586108e-07 
 3.80000000e+01  1.76758315e-07 
 3.90000000e+01  1.76930023e-07 
 4.00000000e+01  1.77101238e-07 
 4.10000000e+01  1.77271961e-07 
 4.20000000e+01  1.77442196e-07 
 4.30000000e+01  1.77611946e-07 
 4.40000000e+01  1.77781215e-07 
 4.50000000e+01  1.77950005e-07 
 4.60000000e+01  1.78118319e-07 
 4.70000000e+01  1.78286162e-07 
 4.80000000e+01  1.78453535e-07 
 4.90000000e+01  1.78620442e-07 
 5.00000000e+01  1.78786886e-07 
 5.10000000e+01  1.78952871e-07 
 5.20000000e+01  1.79118398e-07 
 5.30000000e+01  1.79283472e-07 
 5.40000000e+01  1.79448096e-07 
 5.50000000e+01  1.79612272e-07 
 5.60000000e+01  1.79776003e-07 
 5.70000000e+01  1.79939294e-07 
 5.80000000e+01  1.80102147e-07 
 5.90000000e+01  1.80264565e-07 
 6.00000000e+01  1.80426552e-07 
 6.10000000e+01  1.80588111e-07 
 6.20000000e+01  1.80749244e-07 
 6.30000000e+01  1.80909957e-07 
 6.40000000e+01  1.81070251e-07 
 6.50000000e+01  1.81230131e-07 
 6.60000000e+01  1.81389600e-07 
 6.70000000e+01  1.81548662e-07 
 6.80000000e+01  1.81707320e-07 
 6.90000000e+01  1.81865578e-07 
 7.00000000e+01  1.82023440e-07 
 7.10000000e+01  1.82180909e-07 
 7.20000000e+01  1.82337991e-07 
 7.30000000e+01  1.82494688e-07 
 7.40000000e+01  1.82651006e-07 
 7.50000000e+01  1.82806948e-07 
 7.60000000e+01  1.82962519e-07 
 7.70000000e+01  1.83117723e-07 
 7.80000000e+01  1.83272566e-07 
 7.90000000e+01  1.83427052e-07 
 8.00000000e+01  1.83581185e-07 
 8.10000000e+01  1.83734972e-07 
 8.20000000e+01  1.83888416e-07 
 8.30000000e+01  1.84041524e-07 
 8.40000000e+01  1.84194301e-07 
 8.50000000e+01  1.84346753e-07 
 8.60000000e+01  1.84498884e-07 
 8.70000000e+01  1.84650702e-07 
 8.80000000e+01  1.84802211e-07 
 8.90000000e+01  1.84953418e-07 
 9.00000000e+01  1.85104329e-07 
 9.10000000e+01  1.85254949e-07 
 9.20000000e+01  1.85405284e-07 
 9.30000000e+01  1.85555341e-07 
 9.40000000e+01  1.85705124e-07 
 9.50000000e+01  1.85854640e-07 
 9.60000000e+01  1.86003894e-07 
 9.70000000e+01  1.86152890e-07 
 9.80000000e+01  1.86301634e-07 
 9.90000000e+01  1.86450129e-07 
 1.00000000e+02  1.86598379e-07 
 1.01000000e+02  1.86746387e-07 
 1.02000000e+02  1.86894155e-07 
 1.03000000e+02  1.87041683e-07 
 1.04000000e+02  1.87188971e-07 
 1.05000000e+02  1.87336019e-07 
 1.06000000e+02  1.87482823e-07 
 1.07000000e+02  1.87629378e-07 
 1.08000000e+02  1.87775677e-07 
 1.09000000e+02  1.87921713e-07 
 1.10000000e+02  1.88067473e-07 
 1.11000000e+02  1.88212944e-07 
 1.12000000e+02  1.88358108e-07 
 1.13000000e+02  1.88502945e-07 
 1.14000000e+02  1.88647431e-07 
 1.15000000e+02  1.88791537e-07 
 1.16000000e+02  1.88935231e-07 
 1.17000000e+02  1.89078475e-07 
 1.18000000e+02  1.89221226e-07 
 1.19000000e+02  1.89363434e-07 
 1.20000000e+02  1.89505044e-07 
 1.21000000e+02  1.89645994e-07 
 1.22000000e+02  1.89786214e-07 
 1.23000000e+02  1.89925625e-07 
 1.24000000e+02  1.90064140e-07 
 1.25000000e+02  1.90201664e-07 
