 0.00000000e+00  1.00000000e-02 
 1.00000000e-10  1.03290000e-02 
 2.00000000e-10  1.06580000e-02 
 4.00000000e-10  1.13160000e-02 
 8.00000000e-10  1.26320000e-02 
 1.60000000e-09  1.52640000e-02 
 3.20000000e-09  2.05280000e-02 
 6.40000000e-09  3.10560000e-02 
 1.28000000e-08  5.21120000e-02 
 2.28000000e-08  8.50120000e-02 
 3.28000000e-08  1.17912000e-01 
 4.28000000e-08  1.50812000e-01 
 5.28000000e-08  1.83712000e-01 
 6.28000000e-08  2.16612000e-01 
 7.28000000e-08  2.49512000e-01 
 8.28000000e-08  2.82412000e-01 
 9.28000000e-08  3.15312000e-01 
 1.02800000e-07  3.48212000e-01 
 1.12800000e-07  3.81112000e-01 
 1.22800000e-07  4.14012000e-01 
 1.32800000e-07  4.46912000e-01 
 1.42800000e-07  4.79812000e-01 
 1.52800000e-07  5.12712000e-01 
 1.62800000e-07  5.45612000e-01 
 1.72800000e-07  5.78512000e-01 
 1.82800000e-07  6.11412000e-01 
 1.92800000e-07  6.44312000e-01 
 2.02800000e-07  6.77212000e-01 
 2.12800000e-07  7.10112000e-01 
 2.22800000e-07  7.43012000e-01 
 2.32800000e-07  7.75912000e-01 
 2.42800000e-07  8.08812000e-01 
 2.52800000e-07  8.41712000e-01 
 2.62800000e-07  8.74612000e-01 
 2.72800000e-07  9.07512000e-01 
 2.82800000e-07  9.40412000e-01 
 2.92800000e-07  9.73312000e-01 
 3.02800000e-07  1.00621200e+00 
 3.12800000e-07  1.03911200e+00 
 3.22800000e-07  1.07201200e+00 
 3.32800000e-07  1.10491200e+00 
 3.42800000e-07  1.13781200e+00 
 3.52800000e-07  1.17071200e+00 
 3.62800000e-07  1.20361200e+00 
 3.72800000e-07  1.23651200e+00 
 3.82800000e-07  1.26941200e+00 
 3.92800000e-07  1.30231200e+00 
 4.02800000e-07  1.33521200e+00 
 4.12800000e-07  1.36811200e+00 
 4.22800000e-07  1.40101200e+00 
 4.32800000e-07  1.43391200e+00 
 4.42800000e-07  1.46681200e+00 
 4.52800000e-07  1.49971200e+00 
 4.62800000e-07  1.53261200e+00 
 4.72800000e-07  1.56551200e+00 
 4.82800000e-07  1.59841200e+00 
 4.92800000e-07  1.63131200e+00 
 5.02800000e-07  1.66421200e+00 
 5.12800000e-07  1.69711200e+00 
 5.22800000e-07  1.73001200e+00 
 5.32800000e-07  1.76291200e+00 
 5.42800000e-07  1.79581200e+00 
 5.52800000e-07  1.82871200e+00 
 5.62800000e-07  1.86161200e+00 
 5.72800000e-07  1.89451200e+00 
 5.82800000e-07  1.92741200e+00 
 5.92800000e-07  1.96031200e+00 
 6.02800000e-07  1.99321200e+00 
 6.12800000e-07  2.02611200e+00 
 6.22800000e-07  2.05901200e+00 
 6.32800000e-07  2.09191200e+00 
 6.42800000e-07  2.12481200e+00 
 6.52800000e-07  2.15771200e+00 
 6.62800000e-07  2.19061200e+00 
 6.72800000e-07  2.22351200e+00 
 6.82800000e-07  2.25641200e+00 
 6.92800000e-07  2.28931200e+00 
 7.02800000e-07  2.32221200e+00 
 7.12800000e-07  2.35511200e+00 
 7.22800000e-07  2.38801200e+00 
 7.32800000e-07  2.42091200e+00 
 7.42800000e-07  2.45381200e+00 
 7.52800000e-07  2.48671200e+00 
 7.62800000e-07  2.51961200e+00 
 7.72800000e-07  2.55251200e+00 
 7.82800000e-07  2.58541200e+00 
 7.92800000e-07  2.61831200e+00 
 8.02800000e-07  2.65121200e+00 
 8.12800000e-07  2.68411200e+00 
 8.22800000e-07  2.71701200e+00 
 8.32800000e-07  2.74991200e+00 
 8.42800000e-07  2.78281200e+00 
 8.52800000e-07  2.81571200e+00 
 8.62800000e-07  2.84861200e+00 
 8.72800000e-07  2.88151200e+00 
 8.82800000e-07  2.91441200e+00 
 8.92800000e-07  2.94731200e+00 
 9.02800000e-07  2.98021200e+00 
 9.12800000e-07  3.01311200e+00 
 9.22800000e-07  3.04601200e+00 
 9.32800000e-07  3.07891200e+00 
 9.42800000e-07  3.11181200e+00 
 9.52800000e-07  3.14471200e+00 
 9.62800000e-07  3.17761200e+00 
 9.72800000e-07  3.21051200e+00 
 9.82800000e-07  3.24341200e+00 
 9.92800000e-07  3.27631200e+00 
 1.00000000e-06  3.30000000e+00 
 1.00100000e-06  3.30000000e+00 
 1.00300000e-06  3.30000000e+00 
 1.00700000e-06  3.30000000e+00 
 1.01500000e-06  3.30000000e+00 
 1.02500000e-06  3.30000000e+00 
 1.03500000e-06  3.30000000e+00 
 1.04500000e-06  3.30000000e+00 
 1.05500000e-06  3.30000000e+00 
 1.06500000e-06  3.30000000e+00 
 1.07500000e-06  3.30000000e+00 
 1.08500000e-06  3.30000000e+00 
 1.09500000e-06  3.30000000e+00 
 1.10500000e-06  3.30000000e+00 
 1.11500000e-06  3.30000000e+00 
 1.12500000e-06  3.30000000e+00 
 1.13500000e-06  3.30000000e+00 
 1.14500000e-06  3.30000000e+00 
 1.15500000e-06  3.30000000e+00 
 1.16500000e-06  3.30000000e+00 
 1.17500000e-06  3.30000000e+00 
 1.18500000e-06  3.30000000e+00 
 1.19500000e-06  3.30000000e+00 
 1.20500000e-06  3.30000000e+00 
 1.21500000e-06  3.30000000e+00 
 1.22500000e-06  3.30000000e+00 
 1.23500000e-06  3.30000000e+00 
 1.24500000e-06  3.30000000e+00 
 1.25500000e-06  3.30000000e+00 
 1.26500000e-06  3.30000000e+00 
 1.27500000e-06  3.30000000e+00 
 1.28500000e-06  3.30000000e+00 
 1.29500000e-06  3.30000000e+00 
 1.30500000e-06  3.30000000e+00 
 1.31500000e-06  3.30000000e+00 
 1.32500000e-06  3.30000000e+00 
 1.33500000e-06  3.30000000e+00 
 1.34500000e-06  3.30000000e+00 
 1.35500000e-06  3.30000000e+00 
 1.36500000e-06  3.30000000e+00 
 1.37500000e-06  3.30000000e+00 
 1.38500000e-06  3.30000000e+00 
 1.39500000e-06  3.30000000e+00 
 1.40500000e-06  3.30000000e+00 
 1.41500000e-06  3.30000000e+00 
 1.42500000e-06  3.30000000e+00 
 1.43500000e-06  3.30000000e+00 
 1.44500000e-06  3.30000000e+00 
 1.45500000e-06  3.30000000e+00 
 1.46500000e-06  3.30000000e+00 
 1.47500000e-06  3.30000000e+00 
 1.48500000e-06  3.30000000e+00 
 1.49500000e-06  3.30000000e+00 
 1.50500000e-06  3.30000000e+00 
 1.51500000e-06  3.30000000e+00 
 1.52500000e-06  3.30000000e+00 
 1.53500000e-06  3.30000000e+00 
 1.54500000e-06  3.30000000e+00 
 1.55500000e-06  3.30000000e+00 
 1.56500000e-06  3.30000000e+00 
 1.57500000e-06  3.30000000e+00 
 1.58500000e-06  3.30000000e+00 
 1.59500000e-06  3.30000000e+00 
 1.60500000e-06  3.30000000e+00 
 1.61500000e-06  3.30000000e+00 
 1.62500000e-06  3.30000000e+00 
 1.63500000e-06  3.30000000e+00 
 1.64500000e-06  3.30000000e+00 
 1.65500000e-06  3.30000000e+00 
 1.66500000e-06  3.30000000e+00 
 1.67500000e-06  3.30000000e+00 
 1.68500000e-06  3.30000000e+00 
 1.69500000e-06  3.30000000e+00 
 1.70500000e-06  3.30000000e+00 
 1.71500000e-06  3.30000000e+00 
 1.72500000e-06  3.30000000e+00 
 1.73500000e-06  3.30000000e+00 
 1.74500000e-06  3.30000000e+00 
 1.75500000e-06  3.30000000e+00 
 1.76500000e-06  3.30000000e+00 
 1.77500000e-06  3.30000000e+00 
 1.78500000e-06  3.30000000e+00 
 1.79500000e-06  3.30000000e+00 
 1.80500000e-06  3.30000000e+00 
 1.81500000e-06  3.30000000e+00 
 1.82500000e-06  3.30000000e+00 
 1.83500000e-06  3.30000000e+00 
 1.84500000e-06  3.30000000e+00 
 1.85500000e-06  3.30000000e+00 
 1.86500000e-06  3.30000000e+00 
 1.87500000e-06  3.30000000e+00 
 1.88500000e-06  3.30000000e+00 
 1.89500000e-06  3.30000000e+00 
 1.90500000e-06  3.30000000e+00 
 1.91500000e-06  3.30000000e+00 
 1.92500000e-06  3.30000000e+00 
 1.93500000e-06  3.30000000e+00 
 1.94500000e-06  3.30000000e+00 
 1.95500000e-06  3.30000000e+00 
 1.96500000e-06  3.30000000e+00 
 1.97500000e-06  3.30000000e+00 
 1.98500000e-06  3.30000000e+00 
 1.99500000e-06  3.30000000e+00 
 2.00500000e-06  3.30000000e+00 
 2.01500000e-06  3.30000000e+00 
 2.02500000e-06  3.30000000e+00 
 2.03500000e-06  3.30000000e+00 
 2.04500000e-06  3.30000000e+00 
 2.05500000e-06  3.30000000e+00 
 2.06500000e-06  3.30000000e+00 
 2.07500000e-06  3.30000000e+00 
 2.08500000e-06  3.30000000e+00 
 2.09500000e-06  3.30000000e+00 
 2.10500000e-06  3.30000000e+00 
 2.11500000e-06  3.30000000e+00 
 2.12500000e-06  3.30000000e+00 
 2.13500000e-06  3.30000000e+00 
 2.14500000e-06  3.30000000e+00 
 2.15500000e-06  3.30000000e+00 
 2.16500000e-06  3.30000000e+00 
 2.17500000e-06  3.30000000e+00 
 2.18500000e-06  3.30000000e+00 
 2.19500000e-06  3.30000000e+00 
 2.20500000e-06  3.30000000e+00 
 2.21500000e-06  3.30000000e+00 
 2.22500000e-06  3.30000000e+00 
 2.23500000e-06  3.30000000e+00 
 2.24500000e-06  3.30000000e+00 
 2.25500000e-06  3.30000000e+00 
 2.26500000e-06  3.30000000e+00 
 2.27500000e-06  3.30000000e+00 
 2.28500000e-06  3.30000000e+00 
 2.29500000e-06  3.30000000e+00 
 2.30500000e-06  3.30000000e+00 
 2.31500000e-06  3.30000000e+00 
 2.32500000e-06  3.30000000e+00 
 2.33500000e-06  3.30000000e+00 
 2.34500000e-06  3.30000000e+00 
 2.35500000e-06  3.30000000e+00 
 2.36500000e-06  3.30000000e+00 
 2.37500000e-06  3.30000000e+00 
 2.38500000e-06  3.30000000e+00 
 2.39500000e-06  3.30000000e+00 
 2.40500000e-06  3.30000000e+00 
 2.41500000e-06  3.30000000e+00 
 2.42500000e-06  3.30000000e+00 
 2.43500000e-06  3.30000000e+00 
 2.44500000e-06  3.30000000e+00 
 2.45500000e-06  3.30000000e+00 
 2.46500000e-06  3.30000000e+00 
 2.47500000e-06  3.30000000e+00 
 2.48500000e-06  3.30000000e+00 
 2.49500000e-06  3.30000000e+00 
 2.50500000e-06  3.30000000e+00 
 2.51500000e-06  3.30000000e+00 
 2.52500000e-06  3.30000000e+00 
 2.53500000e-06  3.30000000e+00 
 2.54500000e-06  3.30000000e+00 
 2.55500000e-06  3.30000000e+00 
 2.56500000e-06  3.30000000e+00 
 2.57500000e-06  3.30000000e+00 
 2.58500000e-06  3.30000000e+00 
 2.59500000e-06  3.30000000e+00 
 2.60500000e-06  3.30000000e+00 
 2.61500000e-06  3.30000000e+00 
 2.62500000e-06  3.30000000e+00 
 2.63500000e-06  3.30000000e+00 
 2.64500000e-06  3.30000000e+00 
 2.65500000e-06  3.30000000e+00 
 2.66500000e-06  3.30000000e+00 
 2.67500000e-06  3.30000000e+00 
 2.68500000e-06  3.30000000e+00 
 2.69500000e-06  3.30000000e+00 
 2.70500000e-06  3.30000000e+00 
 2.71500000e-06  3.30000000e+00 
 2.72500000e-06  3.30000000e+00 
 2.73500000e-06  3.30000000e+00 
 2.74500000e-06  3.30000000e+00 
 2.75500000e-06  3.30000000e+00 
 2.76500000e-06  3.30000000e+00 
 2.77500000e-06  3.30000000e+00 
 2.78500000e-06  3.30000000e+00 
 2.79500000e-06  3.30000000e+00 
 2.80500000e-06  3.30000000e+00 
 2.81500000e-06  3.30000000e+00 
 2.82500000e-06  3.30000000e+00 
 2.83500000e-06  3.30000000e+00 
 2.84500000e-06  3.30000000e+00 
 2.85500000e-06  3.30000000e+00 
 2.86500000e-06  3.30000000e+00 
 2.87500000e-06  3.30000000e+00 
 2.88500000e-06  3.30000000e+00 
 2.89500000e-06  3.30000000e+00 
 2.90500000e-06  3.30000000e+00 
 2.91500000e-06  3.30000000e+00 
 2.92500000e-06  3.30000000e+00 
 2.93500000e-06  3.30000000e+00 
 2.94500000e-06  3.30000000e+00 
 2.95500000e-06  3.30000000e+00 
 2.96500000e-06  3.30000000e+00 
 2.97500000e-06  3.30000000e+00 
 2.98500000e-06  3.30000000e+00 
 2.99500000e-06  3.30000000e+00 
 3.00500000e-06  3.30000000e+00 
 3.01500000e-06  3.30000000e+00 
 3.02500000e-06  3.30000000e+00 
 3.03500000e-06  3.30000000e+00 
 3.04500000e-06  3.30000000e+00 
 3.05500000e-06  3.30000000e+00 
 3.06500000e-06  3.30000000e+00 
 3.07500000e-06  3.30000000e+00 
 3.08500000e-06  3.30000000e+00 
 3.09500000e-06  3.30000000e+00 
 3.10500000e-06  3.30000000e+00 
 3.11500000e-06  3.30000000e+00 
 3.12500000e-06  3.30000000e+00 
 3.13500000e-06  3.30000000e+00 
 3.14500000e-06  3.30000000e+00 
 3.15500000e-06  3.30000000e+00 
 3.16500000e-06  3.30000000e+00 
 3.17500000e-06  3.30000000e+00 
 3.18500000e-06  3.30000000e+00 
 3.19500000e-06  3.30000000e+00 
 3.20500000e-06  3.30000000e+00 
 3.21500000e-06  3.30000000e+00 
 3.22500000e-06  3.30000000e+00 
 3.23500000e-06  3.30000000e+00 
 3.24500000e-06  3.30000000e+00 
 3.25500000e-06  3.30000000e+00 
 3.26500000e-06  3.30000000e+00 
 3.27500000e-06  3.30000000e+00 
 3.28500000e-06  3.30000000e+00 
 3.29500000e-06  3.30000000e+00 
 3.30500000e-06  3.30000000e+00 
 3.31500000e-06  3.30000000e+00 
 3.32500000e-06  3.30000000e+00 
 3.33500000e-06  3.30000000e+00 
 3.34500000e-06  3.30000000e+00 
 3.35500000e-06  3.30000000e+00 
 3.36500000e-06  3.30000000e+00 
 3.37500000e-06  3.30000000e+00 
 3.38500000e-06  3.30000000e+00 
 3.39500000e-06  3.30000000e+00 
 3.40500000e-06  3.30000000e+00 
 3.41500000e-06  3.30000000e+00 
 3.42500000e-06  3.30000000e+00 
 3.43500000e-06  3.30000000e+00 
 3.44500000e-06  3.30000000e+00 
 3.45500000e-06  3.30000000e+00 
 3.46500000e-06  3.30000000e+00 
 3.47500000e-06  3.30000000e+00 
 3.48500000e-06  3.30000000e+00 
 3.49500000e-06  3.30000000e+00 
 3.50500000e-06  3.30000000e+00 
 3.51500000e-06  3.30000000e+00 
 3.52500000e-06  3.30000000e+00 
 3.53500000e-06  3.30000000e+00 
 3.54500000e-06  3.30000000e+00 
 3.55500000e-06  3.30000000e+00 
 3.56500000e-06  3.30000000e+00 
 3.57500000e-06  3.30000000e+00 
 3.58500000e-06  3.30000000e+00 
 3.59500000e-06  3.30000000e+00 
 3.60500000e-06  3.30000000e+00 
 3.61500000e-06  3.30000000e+00 
 3.62500000e-06  3.30000000e+00 
 3.63500000e-06  3.30000000e+00 
 3.64500000e-06  3.30000000e+00 
 3.65500000e-06  3.30000000e+00 
 3.66500000e-06  3.30000000e+00 
 3.67500000e-06  3.30000000e+00 
 3.68500000e-06  3.30000000e+00 
 3.69500000e-06  3.30000000e+00 
 3.70500000e-06  3.30000000e+00 
 3.71500000e-06  3.30000000e+00 
 3.72500000e-06  3.30000000e+00 
 3.73500000e-06  3.30000000e+00 
 3.74500000e-06  3.30000000e+00 
 3.75500000e-06  3.30000000e+00 
 3.76500000e-06  3.30000000e+00 
 3.77500000e-06  3.30000000e+00 
 3.78500000e-06  3.30000000e+00 
 3.79500000e-06  3.30000000e+00 
 3.80500000e-06  3.30000000e+00 
 3.81500000e-06  3.30000000e+00 
 3.82500000e-06  3.30000000e+00 
 3.83500000e-06  3.30000000e+00 
 3.84500000e-06  3.30000000e+00 
 3.85500000e-06  3.30000000e+00 
 3.86500000e-06  3.30000000e+00 
 3.87500000e-06  3.30000000e+00 
 3.88500000e-06  3.30000000e+00 
 3.89500000e-06  3.30000000e+00 
 3.90500000e-06  3.30000000e+00 
 3.91500000e-06  3.30000000e+00 
 3.92500000e-06  3.30000000e+00 
 3.93500000e-06  3.30000000e+00 
 3.94500000e-06  3.30000000e+00 
 3.95500000e-06  3.30000000e+00 
 3.96500000e-06  3.30000000e+00 
 3.97500000e-06  3.30000000e+00 
 3.98500000e-06  3.30000000e+00 
 3.99500000e-06  3.30000000e+00 
 4.00500000e-06  3.30000000e+00 
 4.01500000e-06  3.30000000e+00 
 4.02500000e-06  3.30000000e+00 
 4.03500000e-06  3.30000000e+00 
 4.04500000e-06  3.30000000e+00 
 4.05500000e-06  3.30000000e+00 
 4.06500000e-06  3.30000000e+00 
 4.07500000e-06  3.30000000e+00 
 4.08500000e-06  3.30000000e+00 
 4.09500000e-06  3.30000000e+00 
 4.10500000e-06  3.30000000e+00 
 4.11500000e-06  3.30000000e+00 
 4.12500000e-06  3.30000000e+00 
 4.13500000e-06  3.30000000e+00 
 4.14500000e-06  3.30000000e+00 
 4.15500000e-06  3.30000000e+00 
 4.16500000e-06  3.30000000e+00 
 4.17500000e-06  3.30000000e+00 
 4.18500000e-06  3.30000000e+00 
 4.19500000e-06  3.30000000e+00 
 4.20500000e-06  3.30000000e+00 
 4.21500000e-06  3.30000000e+00 
 4.22500000e-06  3.30000000e+00 
 4.23500000e-06  3.30000000e+00 
 4.24500000e-06  3.30000000e+00 
 4.25500000e-06  3.30000000e+00 
 4.26500000e-06  3.30000000e+00 
 4.27500000e-06  3.30000000e+00 
 4.28500000e-06  3.30000000e+00 
 4.29500000e-06  3.30000000e+00 
 4.30500000e-06  3.30000000e+00 
 4.31500000e-06  3.30000000e+00 
 4.32500000e-06  3.30000000e+00 
 4.33500000e-06  3.30000000e+00 
 4.34500000e-06  3.30000000e+00 
 4.35500000e-06  3.30000000e+00 
 4.36500000e-06  3.30000000e+00 
 4.37500000e-06  3.30000000e+00 
 4.38500000e-06  3.30000000e+00 
 4.39500000e-06  3.30000000e+00 
 4.40500000e-06  3.30000000e+00 
 4.41500000e-06  3.30000000e+00 
 4.42500000e-06  3.30000000e+00 
 4.43500000e-06  3.30000000e+00 
 4.44500000e-06  3.30000000e+00 
 4.45500000e-06  3.30000000e+00 
 4.46500000e-06  3.30000000e+00 
 4.47500000e-06  3.30000000e+00 
 4.48500000e-06  3.30000000e+00 
 4.49500000e-06  3.30000000e+00 
 4.50500000e-06  3.30000000e+00 
 4.51500000e-06  3.30000000e+00 
 4.52500000e-06  3.30000000e+00 
 4.53500000e-06  3.30000000e+00 
 4.54500000e-06  3.30000000e+00 
 4.55500000e-06  3.30000000e+00 
 4.56500000e-06  3.30000000e+00 
 4.57500000e-06  3.30000000e+00 
 4.58500000e-06  3.30000000e+00 
 4.59500000e-06  3.30000000e+00 
 4.60500000e-06  3.30000000e+00 
 4.61500000e-06  3.30000000e+00 
 4.62500000e-06  3.30000000e+00 
 4.63500000e-06  3.30000000e+00 
 4.64500000e-06  3.30000000e+00 
 4.65500000e-06  3.30000000e+00 
 4.66500000e-06  3.30000000e+00 
 4.67500000e-06  3.30000000e+00 
 4.68500000e-06  3.30000000e+00 
 4.69500000e-06  3.30000000e+00 
 4.70500000e-06  3.30000000e+00 
 4.71500000e-06  3.30000000e+00 
 4.72500000e-06  3.30000000e+00 
 4.73500000e-06  3.30000000e+00 
 4.74500000e-06  3.30000000e+00 
 4.75500000e-06  3.30000000e+00 
 4.76500000e-06  3.30000000e+00 
 4.77500000e-06  3.30000000e+00 
 4.78500000e-06  3.30000000e+00 
 4.79500000e-06  3.30000000e+00 
 4.80500000e-06  3.30000000e+00 
 4.81500000e-06  3.30000000e+00 
 4.82500000e-06  3.30000000e+00 
 4.83500000e-06  3.30000000e+00 
 4.84500000e-06  3.30000000e+00 
 4.85500000e-06  3.30000000e+00 
 4.86500000e-06  3.30000000e+00 
 4.87500000e-06  3.30000000e+00 
 4.88500000e-06  3.30000000e+00 
 4.89500000e-06  3.30000000e+00 
 4.90500000e-06  3.30000000e+00 
 4.91500000e-06  3.30000000e+00 
 4.92500000e-06  3.30000000e+00 
 4.93500000e-06  3.30000000e+00 
 4.94500000e-06  3.30000000e+00 
 4.95500000e-06  3.30000000e+00 
 4.96500000e-06  3.30000000e+00 
 4.97500000e-06  3.30000000e+00 
 4.98500000e-06  3.30000000e+00 
 4.99500000e-06  3.30000000e+00 
 5.00500000e-06  3.30000000e+00 
 5.01500000e-06  3.30000000e+00 
 5.02500000e-06  3.30000000e+00 
 5.03500000e-06  3.30000000e+00 
 5.04500000e-06  3.30000000e+00 
 5.05500000e-06  3.30000000e+00 
 5.06500000e-06  3.30000000e+00 
 5.07500000e-06  3.30000000e+00 
 5.08500000e-06  3.30000000e+00 
 5.09500000e-06  3.30000000e+00 
 5.10500000e-06  3.30000000e+00 
 5.11500000e-06  3.30000000e+00 
 5.12500000e-06  3.30000000e+00 
 5.13500000e-06  3.30000000e+00 
 5.14500000e-06  3.30000000e+00 
 5.15500000e-06  3.30000000e+00 
 5.16500000e-06  3.30000000e+00 
 5.17500000e-06  3.30000000e+00 
 5.18500000e-06  3.30000000e+00 
 5.19500000e-06  3.30000000e+00 
 5.20500000e-06  3.30000000e+00 
 5.21500000e-06  3.30000000e+00 
 5.22500000e-06  3.30000000e+00 
 5.23500000e-06  3.30000000e+00 
 5.24500000e-06  3.30000000e+00 
 5.25500000e-06  3.30000000e+00 
 5.26500000e-06  3.30000000e+00 
 5.27500000e-06  3.30000000e+00 
 5.28500000e-06  3.30000000e+00 
 5.29500000e-06  3.30000000e+00 
 5.30500000e-06  3.30000000e+00 
 5.31500000e-06  3.30000000e+00 
 5.32500000e-06  3.30000000e+00 
 5.33500000e-06  3.30000000e+00 
 5.34500000e-06  3.30000000e+00 
 5.35500000e-06  3.30000000e+00 
 5.36500000e-06  3.30000000e+00 
 5.37500000e-06  3.30000000e+00 
 5.38500000e-06  3.30000000e+00 
 5.39500000e-06  3.30000000e+00 
 5.40500000e-06  3.30000000e+00 
 5.41500000e-06  3.30000000e+00 
 5.42500000e-06  3.30000000e+00 
 5.43500000e-06  3.30000000e+00 
 5.44500000e-06  3.30000000e+00 
 5.45500000e-06  3.30000000e+00 
 5.46500000e-06  3.30000000e+00 
 5.47500000e-06  3.30000000e+00 
 5.48500000e-06  3.30000000e+00 
 5.49500000e-06  3.30000000e+00 
 5.50500000e-06  3.30000000e+00 
 5.51500000e-06  3.30000000e+00 
 5.52500000e-06  3.30000000e+00 
 5.53500000e-06  3.30000000e+00 
 5.54500000e-06  3.30000000e+00 
 5.55500000e-06  3.30000000e+00 
 5.56500000e-06  3.30000000e+00 
 5.57500000e-06  3.30000000e+00 
 5.58500000e-06  3.30000000e+00 
 5.59500000e-06  3.30000000e+00 
 5.60500000e-06  3.30000000e+00 
 5.61500000e-06  3.30000000e+00 
 5.62500000e-06  3.30000000e+00 
 5.63500000e-06  3.30000000e+00 
 5.64500000e-06  3.30000000e+00 
 5.65500000e-06  3.30000000e+00 
 5.66500000e-06  3.30000000e+00 
 5.67500000e-06  3.30000000e+00 
 5.68500000e-06  3.30000000e+00 
 5.69500000e-06  3.30000000e+00 
 5.70500000e-06  3.30000000e+00 
 5.71500000e-06  3.30000000e+00 
 5.72500000e-06  3.30000000e+00 
 5.73500000e-06  3.30000000e+00 
 5.74500000e-06  3.30000000e+00 
 5.75500000e-06  3.30000000e+00 
 5.76500000e-06  3.30000000e+00 
 5.77500000e-06  3.30000000e+00 
 5.78500000e-06  3.30000000e+00 
 5.79500000e-06  3.30000000e+00 
 5.80500000e-06  3.30000000e+00 
 5.81500000e-06  3.30000000e+00 
 5.82500000e-06  3.30000000e+00 
 5.83500000e-06  3.30000000e+00 
 5.84500000e-06  3.30000000e+00 
 5.85500000e-06  3.30000000e+00 
 5.86500000e-06  3.30000000e+00 
 5.87500000e-06  3.30000000e+00 
 5.88500000e-06  3.30000000e+00 
 5.89500000e-06  3.30000000e+00 
 5.90500000e-06  3.30000000e+00 
 5.91500000e-06  3.30000000e+00 
 5.92500000e-06  3.30000000e+00 
 5.93500000e-06  3.30000000e+00 
 5.94500000e-06  3.30000000e+00 
 5.95500000e-06  3.30000000e+00 
 5.96500000e-06  3.30000000e+00 
 5.97500000e-06  3.30000000e+00 
 5.98500000e-06  3.30000000e+00 
 5.99500000e-06  3.30000000e+00 
 6.00500000e-06  3.30000000e+00 
 6.01500000e-06  3.30000000e+00 
 6.02500000e-06  3.30000000e+00 
 6.03500000e-06  3.30000000e+00 
 6.04500000e-06  3.30000000e+00 
 6.05500000e-06  3.30000000e+00 
 6.06500000e-06  3.30000000e+00 
 6.07500000e-06  3.30000000e+00 
 6.08500000e-06  3.30000000e+00 
 6.09500000e-06  3.30000000e+00 
 6.10500000e-06  3.30000000e+00 
 6.11500000e-06  3.30000000e+00 
 6.12500000e-06  3.30000000e+00 
 6.13500000e-06  3.30000000e+00 
 6.14500000e-06  3.30000000e+00 
 6.15500000e-06  3.30000000e+00 
 6.16500000e-06  3.30000000e+00 
 6.17500000e-06  3.30000000e+00 
 6.18500000e-06  3.30000000e+00 
 6.19500000e-06  3.30000000e+00 
 6.20500000e-06  3.30000000e+00 
 6.21500000e-06  3.30000000e+00 
 6.22500000e-06  3.30000000e+00 
 6.23500000e-06  3.30000000e+00 
 6.24500000e-06  3.30000000e+00 
 6.25500000e-06  3.30000000e+00 
 6.26500000e-06  3.30000000e+00 
 6.27500000e-06  3.30000000e+00 
 6.28500000e-06  3.30000000e+00 
 6.29500000e-06  3.30000000e+00 
 6.30500000e-06  3.30000000e+00 
 6.31500000e-06  3.30000000e+00 
 6.32500000e-06  3.30000000e+00 
 6.33500000e-06  3.30000000e+00 
 6.34500000e-06  3.30000000e+00 
 6.35500000e-06  3.30000000e+00 
 6.36500000e-06  3.30000000e+00 
 6.37500000e-06  3.30000000e+00 
 6.38500000e-06  3.30000000e+00 
 6.39500000e-06  3.30000000e+00 
 6.40500000e-06  3.30000000e+00 
 6.41500000e-06  3.30000000e+00 
 6.42500000e-06  3.30000000e+00 
 6.43500000e-06  3.30000000e+00 
 6.44500000e-06  3.30000000e+00 
 6.45500000e-06  3.30000000e+00 
 6.46500000e-06  3.30000000e+00 
 6.47500000e-06  3.30000000e+00 
 6.48500000e-06  3.30000000e+00 
 6.49500000e-06  3.30000000e+00 
 6.50500000e-06  3.30000000e+00 
 6.51500000e-06  3.30000000e+00 
 6.52500000e-06  3.30000000e+00 
 6.53500000e-06  3.30000000e+00 
 6.54500000e-06  3.30000000e+00 
 6.55500000e-06  3.30000000e+00 
 6.56500000e-06  3.30000000e+00 
 6.57500000e-06  3.30000000e+00 
 6.58500000e-06  3.30000000e+00 
 6.59500000e-06  3.30000000e+00 
 6.60500000e-06  3.30000000e+00 
 6.61500000e-06  3.30000000e+00 
 6.62500000e-06  3.30000000e+00 
 6.63500000e-06  3.30000000e+00 
 6.64500000e-06  3.30000000e+00 
 6.65500000e-06  3.30000000e+00 
 6.66500000e-06  3.30000000e+00 
 6.67500000e-06  3.30000000e+00 
 6.68500000e-06  3.30000000e+00 
 6.69500000e-06  3.30000000e+00 
 6.70500000e-06  3.30000000e+00 
 6.71500000e-06  3.30000000e+00 
 6.72500000e-06  3.30000000e+00 
 6.73500000e-06  3.30000000e+00 
 6.74500000e-06  3.30000000e+00 
 6.75500000e-06  3.30000000e+00 
 6.76500000e-06  3.30000000e+00 
 6.77500000e-06  3.30000000e+00 
 6.78500000e-06  3.30000000e+00 
 6.79500000e-06  3.30000000e+00 
 6.80500000e-06  3.30000000e+00 
 6.81500000e-06  3.30000000e+00 
 6.82500000e-06  3.30000000e+00 
 6.83500000e-06  3.30000000e+00 
 6.84500000e-06  3.30000000e+00 
 6.85500000e-06  3.30000000e+00 
 6.86500000e-06  3.30000000e+00 
 6.87500000e-06  3.30000000e+00 
 6.88500000e-06  3.30000000e+00 
 6.89500000e-06  3.30000000e+00 
 6.90500000e-06  3.30000000e+00 
 6.91500000e-06  3.30000000e+00 
 6.92500000e-06  3.30000000e+00 
 6.93500000e-06  3.30000000e+00 
 6.94500000e-06  3.30000000e+00 
 6.95500000e-06  3.30000000e+00 
 6.96500000e-06  3.30000000e+00 
 6.97500000e-06  3.30000000e+00 
 6.98500000e-06  3.30000000e+00 
 6.99500000e-06  3.30000000e+00 
 7.00500000e-06  3.30000000e+00 
 7.01500000e-06  3.30000000e+00 
 7.02500000e-06  3.30000000e+00 
 7.03500000e-06  3.30000000e+00 
 7.04500000e-06  3.30000000e+00 
 7.05500000e-06  3.30000000e+00 
 7.06500000e-06  3.30000000e+00 
 7.07500000e-06  3.30000000e+00 
 7.08500000e-06  3.30000000e+00 
 7.09500000e-06  3.30000000e+00 
 7.10500000e-06  3.30000000e+00 
 7.11500000e-06  3.30000000e+00 
 7.12500000e-06  3.30000000e+00 
 7.13500000e-06  3.30000000e+00 
 7.14500000e-06  3.30000000e+00 
 7.15500000e-06  3.30000000e+00 
 7.16500000e-06  3.30000000e+00 
 7.17500000e-06  3.30000000e+00 
 7.18500000e-06  3.30000000e+00 
 7.19500000e-06  3.30000000e+00 
 7.20500000e-06  3.30000000e+00 
 7.21500000e-06  3.30000000e+00 
 7.22500000e-06  3.30000000e+00 
 7.23500000e-06  3.30000000e+00 
 7.24500000e-06  3.30000000e+00 
 7.25500000e-06  3.30000000e+00 
 7.26500000e-06  3.30000000e+00 
 7.27500000e-06  3.30000000e+00 
 7.28500000e-06  3.30000000e+00 
 7.29500000e-06  3.30000000e+00 
 7.30500000e-06  3.30000000e+00 
 7.31500000e-06  3.30000000e+00 
 7.32500000e-06  3.30000000e+00 
 7.33500000e-06  3.30000000e+00 
 7.34500000e-06  3.30000000e+00 
 7.35500000e-06  3.30000000e+00 
 7.36500000e-06  3.30000000e+00 
 7.37500000e-06  3.30000000e+00 
 7.38500000e-06  3.30000000e+00 
 7.39500000e-06  3.30000000e+00 
 7.40500000e-06  3.30000000e+00 
 7.41500000e-06  3.30000000e+00 
 7.42500000e-06  3.30000000e+00 
 7.43500000e-06  3.30000000e+00 
 7.44500000e-06  3.30000000e+00 
 7.45500000e-06  3.30000000e+00 
 7.46500000e-06  3.30000000e+00 
 7.47500000e-06  3.30000000e+00 
 7.48500000e-06  3.30000000e+00 
 7.49500000e-06  3.30000000e+00 
 7.50500000e-06  3.30000000e+00 
 7.51500000e-06  3.30000000e+00 
 7.52500000e-06  3.30000000e+00 
 7.53500000e-06  3.30000000e+00 
 7.54500000e-06  3.30000000e+00 
 7.55500000e-06  3.30000000e+00 
 7.56500000e-06  3.30000000e+00 
 7.57500000e-06  3.30000000e+00 
 7.58500000e-06  3.30000000e+00 
 7.59500000e-06  3.30000000e+00 
 7.60500000e-06  3.30000000e+00 
 7.61500000e-06  3.30000000e+00 
 7.62500000e-06  3.30000000e+00 
 7.63500000e-06  3.30000000e+00 
 7.64500000e-06  3.30000000e+00 
 7.65500000e-06  3.30000000e+00 
 7.66500000e-06  3.30000000e+00 
 7.67500000e-06  3.30000000e+00 
 7.68500000e-06  3.30000000e+00 
 7.69500000e-06  3.30000000e+00 
 7.70500000e-06  3.30000000e+00 
 7.71500000e-06  3.30000000e+00 
 7.72500000e-06  3.30000000e+00 
 7.73500000e-06  3.30000000e+00 
 7.74500000e-06  3.30000000e+00 
 7.75500000e-06  3.30000000e+00 
 7.76500000e-06  3.30000000e+00 
 7.77500000e-06  3.30000000e+00 
 7.78500000e-06  3.30000000e+00 
 7.79500000e-06  3.30000000e+00 
 7.80500000e-06  3.30000000e+00 
 7.81500000e-06  3.30000000e+00 
 7.82500000e-06  3.30000000e+00 
 7.83500000e-06  3.30000000e+00 
 7.84500000e-06  3.30000000e+00 
 7.85500000e-06  3.30000000e+00 
 7.86500000e-06  3.30000000e+00 
 7.87500000e-06  3.30000000e+00 
 7.88500000e-06  3.30000000e+00 
 7.89500000e-06  3.30000000e+00 
 7.90500000e-06  3.30000000e+00 
 7.91500000e-06  3.30000000e+00 
 7.92500000e-06  3.30000000e+00 
 7.93500000e-06  3.30000000e+00 
 7.94500000e-06  3.30000000e+00 
 7.95500000e-06  3.30000000e+00 
 7.96500000e-06  3.30000000e+00 
 7.97500000e-06  3.30000000e+00 
 7.98500000e-06  3.30000000e+00 
 7.99500000e-06  3.30000000e+00 
 8.00500000e-06  3.30000000e+00 
 8.01500000e-06  3.30000000e+00 
 8.02500000e-06  3.30000000e+00 
 8.03500000e-06  3.30000000e+00 
 8.04500000e-06  3.30000000e+00 
 8.05500000e-06  3.30000000e+00 
 8.06500000e-06  3.30000000e+00 
 8.07500000e-06  3.30000000e+00 
 8.08500000e-06  3.30000000e+00 
 8.09500000e-06  3.30000000e+00 
 8.10500000e-06  3.30000000e+00 
 8.11500000e-06  3.30000000e+00 
 8.12500000e-06  3.30000000e+00 
 8.13500000e-06  3.30000000e+00 
 8.14500000e-06  3.30000000e+00 
 8.15500000e-06  3.30000000e+00 
 8.16500000e-06  3.30000000e+00 
 8.17500000e-06  3.30000000e+00 
 8.18500000e-06  3.30000000e+00 
 8.19500000e-06  3.30000000e+00 
 8.20500000e-06  3.30000000e+00 
 8.21500000e-06  3.30000000e+00 
 8.22500000e-06  3.30000000e+00 
 8.23500000e-06  3.30000000e+00 
 8.24500000e-06  3.30000000e+00 
 8.25500000e-06  3.30000000e+00 
 8.26500000e-06  3.30000000e+00 
 8.27500000e-06  3.30000000e+00 
 8.28500000e-06  3.30000000e+00 
 8.29500000e-06  3.30000000e+00 
 8.30500000e-06  3.30000000e+00 
 8.31500000e-06  3.30000000e+00 
 8.32500000e-06  3.30000000e+00 
 8.33500000e-06  3.30000000e+00 
 8.34500000e-06  3.30000000e+00 
 8.35500000e-06  3.30000000e+00 
 8.36500000e-06  3.30000000e+00 
 8.37500000e-06  3.30000000e+00 
 8.38500000e-06  3.30000000e+00 
 8.39500000e-06  3.30000000e+00 
 8.40500000e-06  3.30000000e+00 
 8.41500000e-06  3.30000000e+00 
 8.42500000e-06  3.30000000e+00 
 8.43500000e-06  3.30000000e+00 
 8.44500000e-06  3.30000000e+00 
 8.45500000e-06  3.30000000e+00 
 8.46500000e-06  3.30000000e+00 
 8.47500000e-06  3.30000000e+00 
 8.48500000e-06  3.30000000e+00 
 8.49500000e-06  3.30000000e+00 
 8.50500000e-06  3.30000000e+00 
 8.51500000e-06  3.30000000e+00 
 8.52500000e-06  3.30000000e+00 
 8.53500000e-06  3.30000000e+00 
 8.54500000e-06  3.30000000e+00 
 8.55500000e-06  3.30000000e+00 
 8.56500000e-06  3.30000000e+00 
 8.57500000e-06  3.30000000e+00 
 8.58500000e-06  3.30000000e+00 
 8.59500000e-06  3.30000000e+00 
 8.60500000e-06  3.30000000e+00 
 8.61500000e-06  3.30000000e+00 
 8.62500000e-06  3.30000000e+00 
 8.63500000e-06  3.30000000e+00 
 8.64500000e-06  3.30000000e+00 
 8.65500000e-06  3.30000000e+00 
 8.66500000e-06  3.30000000e+00 
 8.67500000e-06  3.30000000e+00 
 8.68500000e-06  3.30000000e+00 
 8.69500000e-06  3.30000000e+00 
 8.70500000e-06  3.30000000e+00 
 8.71500000e-06  3.30000000e+00 
 8.72500000e-06  3.30000000e+00 
 8.73500000e-06  3.30000000e+00 
 8.74500000e-06  3.30000000e+00 
 8.75500000e-06  3.30000000e+00 
 8.76500000e-06  3.30000000e+00 
 8.77500000e-06  3.30000000e+00 
 8.78500000e-06  3.30000000e+00 
 8.79500000e-06  3.30000000e+00 
 8.80500000e-06  3.30000000e+00 
 8.81500000e-06  3.30000000e+00 
 8.82500000e-06  3.30000000e+00 
 8.83500000e-06  3.30000000e+00 
 8.84500000e-06  3.30000000e+00 
 8.85500000e-06  3.30000000e+00 
 8.86500000e-06  3.30000000e+00 
 8.87500000e-06  3.30000000e+00 
 8.88500000e-06  3.30000000e+00 
 8.89500000e-06  3.30000000e+00 
 8.90500000e-06  3.30000000e+00 
 8.91500000e-06  3.30000000e+00 
 8.92500000e-06  3.30000000e+00 
 8.93500000e-06  3.30000000e+00 
 8.94500000e-06  3.30000000e+00 
 8.95500000e-06  3.30000000e+00 
 8.96500000e-06  3.30000000e+00 
 8.97500000e-06  3.30000000e+00 
 8.98500000e-06  3.30000000e+00 
 8.99500000e-06  3.30000000e+00 
 9.00500000e-06  3.30000000e+00 
 9.01500000e-06  3.30000000e+00 
 9.02500000e-06  3.30000000e+00 
 9.03500000e-06  3.30000000e+00 
 9.04500000e-06  3.30000000e+00 
 9.05500000e-06  3.30000000e+00 
 9.06500000e-06  3.30000000e+00 
 9.07500000e-06  3.30000000e+00 
 9.08500000e-06  3.30000000e+00 
 9.09500000e-06  3.30000000e+00 
 9.10500000e-06  3.30000000e+00 
 9.11500000e-06  3.30000000e+00 
 9.12500000e-06  3.30000000e+00 
 9.13500000e-06  3.30000000e+00 
 9.14500000e-06  3.30000000e+00 
 9.15500000e-06  3.30000000e+00 
 9.16500000e-06  3.30000000e+00 
 9.17500000e-06  3.30000000e+00 
 9.18500000e-06  3.30000000e+00 
 9.19500000e-06  3.30000000e+00 
 9.20500000e-06  3.30000000e+00 
 9.21500000e-06  3.30000000e+00 
 9.22500000e-06  3.30000000e+00 
 9.23500000e-06  3.30000000e+00 
 9.24500000e-06  3.30000000e+00 
 9.25500000e-06  3.30000000e+00 
 9.26500000e-06  3.30000000e+00 
 9.27500000e-06  3.30000000e+00 
 9.28500000e-06  3.30000000e+00 
 9.29500000e-06  3.30000000e+00 
 9.30500000e-06  3.30000000e+00 
 9.31500000e-06  3.30000000e+00 
 9.32500000e-06  3.30000000e+00 
 9.33500000e-06  3.30000000e+00 
 9.34500000e-06  3.30000000e+00 
 9.35500000e-06  3.30000000e+00 
 9.36500000e-06  3.30000000e+00 
 9.37500000e-06  3.30000000e+00 
 9.38500000e-06  3.30000000e+00 
 9.39500000e-06  3.30000000e+00 
 9.40500000e-06  3.30000000e+00 
 9.41500000e-06  3.30000000e+00 
 9.42500000e-06  3.30000000e+00 
 9.43500000e-06  3.30000000e+00 
 9.44500000e-06  3.30000000e+00 
 9.45500000e-06  3.30000000e+00 
 9.46500000e-06  3.30000000e+00 
 9.47500000e-06  3.30000000e+00 
 9.48500000e-06  3.30000000e+00 
 9.49500000e-06  3.30000000e+00 
 9.50500000e-06  3.30000000e+00 
 9.51500000e-06  3.30000000e+00 
 9.52500000e-06  3.30000000e+00 
 9.53500000e-06  3.30000000e+00 
 9.54500000e-06  3.30000000e+00 
 9.55500000e-06  3.30000000e+00 
 9.56500000e-06  3.30000000e+00 
 9.57500000e-06  3.30000000e+00 
 9.58500000e-06  3.30000000e+00 
 9.59500000e-06  3.30000000e+00 
 9.60500000e-06  3.30000000e+00 
 9.61500000e-06  3.30000000e+00 
 9.62500000e-06  3.30000000e+00 
 9.63500000e-06  3.30000000e+00 
 9.64500000e-06  3.30000000e+00 
 9.65500000e-06  3.30000000e+00 
 9.66500000e-06  3.30000000e+00 
 9.67500000e-06  3.30000000e+00 
 9.68500000e-06  3.30000000e+00 
 9.69500000e-06  3.30000000e+00 
 9.70500000e-06  3.30000000e+00 
 9.71500000e-06  3.30000000e+00 
 9.72500000e-06  3.30000000e+00 
 9.73500000e-06  3.30000000e+00 
 9.74500000e-06  3.30000000e+00 
 9.75500000e-06  3.30000000e+00 
 9.76500000e-06  3.30000000e+00 
 9.77500000e-06  3.30000000e+00 
 9.78500000e-06  3.30000000e+00 
 9.79500000e-06  3.30000000e+00 
 9.80500000e-06  3.30000000e+00 
 9.81500000e-06  3.30000000e+00 
 9.82500000e-06  3.30000000e+00 
 9.83500000e-06  3.30000000e+00 
 9.84500000e-06  3.30000000e+00 
 9.85500000e-06  3.30000000e+00 
 9.86500000e-06  3.30000000e+00 
 9.87500000e-06  3.30000000e+00 
 9.88500000e-06  3.30000000e+00 
 9.89500000e-06  3.30000000e+00 
 9.90500000e-06  3.30000000e+00 
 9.91500000e-06  3.30000000e+00 
 9.92500000e-06  3.30000000e+00 
 9.93500000e-06  3.30000000e+00 
 9.94500000e-06  3.30000000e+00 
 9.95500000e-06  3.30000000e+00 
 9.96500000e-06  3.30000000e+00 
 9.97500000e-06  3.30000000e+00 
 9.98500000e-06  3.30000000e+00 
 9.99500000e-06  3.30000000e+00 
 1.00050000e-05  3.30000000e+00 
 1.00150000e-05  3.30000000e+00 
 1.00250000e-05  3.30000000e+00 
 1.00350000e-05  3.30000000e+00 
 1.00450000e-05  3.30000000e+00 
 1.00550000e-05  3.30000000e+00 
 1.00650000e-05  3.30000000e+00 
 1.00750000e-05  3.30000000e+00 
 1.00850000e-05  3.30000000e+00 
 1.00950000e-05  3.30000000e+00 
 1.01050000e-05  3.30000000e+00 
 1.01150000e-05  3.30000000e+00 
 1.01250000e-05  3.30000000e+00 
 1.01350000e-05  3.30000000e+00 
 1.01450000e-05  3.30000000e+00 
 1.01550000e-05  3.30000000e+00 
 1.01650000e-05  3.30000000e+00 
 1.01750000e-05  3.30000000e+00 
 1.01850000e-05  3.30000000e+00 
 1.01950000e-05  3.30000000e+00 
 1.02050000e-05  3.30000000e+00 
 1.02150000e-05  3.30000000e+00 
 1.02250000e-05  3.30000000e+00 
 1.02350000e-05  3.30000000e+00 
 1.02450000e-05  3.30000000e+00 
 1.02550000e-05  3.30000000e+00 
 1.02650000e-05  3.30000000e+00 
 1.02750000e-05  3.30000000e+00 
 1.02850000e-05  3.30000000e+00 
 1.02950000e-05  3.30000000e+00 
 1.03050000e-05  3.30000000e+00 
 1.03150000e-05  3.30000000e+00 
 1.03250000e-05  3.30000000e+00 
 1.03350000e-05  3.30000000e+00 
 1.03450000e-05  3.30000000e+00 
 1.03550000e-05  3.30000000e+00 
 1.03650000e-05  3.30000000e+00 
 1.03750000e-05  3.30000000e+00 
 1.03850000e-05  3.30000000e+00 
 1.03950000e-05  3.30000000e+00 
 1.04050000e-05  3.30000000e+00 
 1.04150000e-05  3.30000000e+00 
 1.04250000e-05  3.30000000e+00 
 1.04350000e-05  3.30000000e+00 
 1.04450000e-05  3.30000000e+00 
 1.04550000e-05  3.30000000e+00 
 1.04650000e-05  3.30000000e+00 
 1.04750000e-05  3.30000000e+00 
 1.04850000e-05  3.30000000e+00 
 1.04950000e-05  3.30000000e+00 
 1.05050000e-05  3.30000000e+00 
 1.05150000e-05  3.30000000e+00 
 1.05250000e-05  3.30000000e+00 
 1.05350000e-05  3.30000000e+00 
 1.05450000e-05  3.30000000e+00 
 1.05550000e-05  3.30000000e+00 
 1.05650000e-05  3.30000000e+00 
 1.05750000e-05  3.30000000e+00 
 1.05850000e-05  3.30000000e+00 
 1.05950000e-05  3.30000000e+00 
 1.06050000e-05  3.30000000e+00 
 1.06150000e-05  3.30000000e+00 
 1.06250000e-05  3.30000000e+00 
 1.06350000e-05  3.30000000e+00 
 1.06450000e-05  3.30000000e+00 
 1.06550000e-05  3.30000000e+00 
 1.06650000e-05  3.30000000e+00 
 1.06750000e-05  3.30000000e+00 
 1.06850000e-05  3.30000000e+00 
 1.06950000e-05  3.30000000e+00 
 1.07050000e-05  3.30000000e+00 
 1.07150000e-05  3.30000000e+00 
 1.07250000e-05  3.30000000e+00 
 1.07350000e-05  3.30000000e+00 
 1.07450000e-05  3.30000000e+00 
 1.07550000e-05  3.30000000e+00 
 1.07650000e-05  3.30000000e+00 
 1.07750000e-05  3.30000000e+00 
 1.07850000e-05  3.30000000e+00 
 1.07950000e-05  3.30000000e+00 
 1.08050000e-05  3.30000000e+00 
 1.08150000e-05  3.30000000e+00 
 1.08250000e-05  3.30000000e+00 
 1.08350000e-05  3.30000000e+00 
 1.08450000e-05  3.30000000e+00 
 1.08550000e-05  3.30000000e+00 
 1.08650000e-05  3.30000000e+00 
 1.08750000e-05  3.30000000e+00 
 1.08850000e-05  3.30000000e+00 
 1.08950000e-05  3.30000000e+00 
 1.09050000e-05  3.30000000e+00 
 1.09150000e-05  3.30000000e+00 
 1.09250000e-05  3.30000000e+00 
 1.09350000e-05  3.30000000e+00 
 1.09450000e-05  3.30000000e+00 
 1.09550000e-05  3.30000000e+00 
 1.09650000e-05  3.30000000e+00 
 1.09750000e-05  3.30000000e+00 
 1.09850000e-05  3.30000000e+00 
 1.09950000e-05  3.30000000e+00 
 1.10050000e-05  3.30000000e+00 
 1.10150000e-05  3.30000000e+00 
 1.10250000e-05  3.30000000e+00 
 1.10350000e-05  3.30000000e+00 
 1.10450000e-05  3.30000000e+00 
 1.10550000e-05  3.30000000e+00 
 1.10650000e-05  3.30000000e+00 
 1.10750000e-05  3.30000000e+00 
 1.10850000e-05  3.30000000e+00 
 1.10950000e-05  3.30000000e+00 
 1.11050000e-05  3.30000000e+00 
 1.11150000e-05  3.30000000e+00 
 1.11250000e-05  3.30000000e+00 
 1.11350000e-05  3.30000000e+00 
 1.11450000e-05  3.30000000e+00 
 1.11550000e-05  3.30000000e+00 
 1.11650000e-05  3.30000000e+00 
 1.11750000e-05  3.30000000e+00 
 1.11850000e-05  3.30000000e+00 
 1.11950000e-05  3.30000000e+00 
 1.12050000e-05  3.30000000e+00 
 1.12150000e-05  3.30000000e+00 
 1.12250000e-05  3.30000000e+00 
 1.12350000e-05  3.30000000e+00 
 1.12450000e-05  3.30000000e+00 
 1.12550000e-05  3.30000000e+00 
 1.12650000e-05  3.30000000e+00 
 1.12750000e-05  3.30000000e+00 
 1.12850000e-05  3.30000000e+00 
 1.12950000e-05  3.30000000e+00 
 1.13050000e-05  3.30000000e+00 
 1.13150000e-05  3.30000000e+00 
 1.13250000e-05  3.30000000e+00 
 1.13350000e-05  3.30000000e+00 
 1.13450000e-05  3.30000000e+00 
 1.13550000e-05  3.30000000e+00 
 1.13650000e-05  3.30000000e+00 
 1.13750000e-05  3.30000000e+00 
 1.13850000e-05  3.30000000e+00 
 1.13950000e-05  3.30000000e+00 
 1.14050000e-05  3.30000000e+00 
 1.14150000e-05  3.30000000e+00 
 1.14250000e-05  3.30000000e+00 
 1.14350000e-05  3.30000000e+00 
 1.14450000e-05  3.30000000e+00 
 1.14550000e-05  3.30000000e+00 
 1.14650000e-05  3.30000000e+00 
 1.14750000e-05  3.30000000e+00 
 1.14850000e-05  3.30000000e+00 
 1.14950000e-05  3.30000000e+00 
 1.15050000e-05  3.30000000e+00 
 1.15150000e-05  3.30000000e+00 
 1.15250000e-05  3.30000000e+00 
 1.15350000e-05  3.30000000e+00 
 1.15450000e-05  3.30000000e+00 
 1.15550000e-05  3.30000000e+00 
 1.15650000e-05  3.30000000e+00 
 1.15750000e-05  3.30000000e+00 
 1.15850000e-05  3.30000000e+00 
 1.15950000e-05  3.30000000e+00 
 1.16050000e-05  3.30000000e+00 
 1.16150000e-05  3.30000000e+00 
 1.16250000e-05  3.30000000e+00 
 1.16350000e-05  3.30000000e+00 
 1.16450000e-05  3.30000000e+00 
 1.16550000e-05  3.30000000e+00 
 1.16650000e-05  3.30000000e+00 
 1.16750000e-05  3.30000000e+00 
 1.16850000e-05  3.30000000e+00 
 1.16950000e-05  3.30000000e+00 
 1.17050000e-05  3.30000000e+00 
 1.17150000e-05  3.30000000e+00 
 1.17250000e-05  3.30000000e+00 
 1.17350000e-05  3.30000000e+00 
 1.17450000e-05  3.30000000e+00 
 1.17550000e-05  3.30000000e+00 
 1.17650000e-05  3.30000000e+00 
 1.17750000e-05  3.30000000e+00 
 1.17850000e-05  3.30000000e+00 
 1.17950000e-05  3.30000000e+00 
 1.18050000e-05  3.30000000e+00 
 1.18150000e-05  3.30000000e+00 
 1.18250000e-05  3.30000000e+00 
 1.18350000e-05  3.30000000e+00 
 1.18450000e-05  3.30000000e+00 
 1.18550000e-05  3.30000000e+00 
 1.18650000e-05  3.30000000e+00 
 1.18750000e-05  3.30000000e+00 
 1.18850000e-05  3.30000000e+00 
 1.18950000e-05  3.30000000e+00 
 1.19050000e-05  3.30000000e+00 
 1.19150000e-05  3.30000000e+00 
 1.19250000e-05  3.30000000e+00 
 1.19350000e-05  3.30000000e+00 
 1.19450000e-05  3.30000000e+00 
 1.19550000e-05  3.30000000e+00 
 1.19650000e-05  3.30000000e+00 
 1.19750000e-05  3.30000000e+00 
 1.19850000e-05  3.30000000e+00 
 1.19950000e-05  3.30000000e+00 
 1.20050000e-05  3.30000000e+00 
 1.20150000e-05  3.30000000e+00 
 1.20250000e-05  3.30000000e+00 
 1.20350000e-05  3.30000000e+00 
 1.20450000e-05  3.30000000e+00 
 1.20550000e-05  3.30000000e+00 
 1.20650000e-05  3.30000000e+00 
 1.20750000e-05  3.30000000e+00 
 1.20850000e-05  3.30000000e+00 
 1.20950000e-05  3.30000000e+00 
 1.21050000e-05  3.30000000e+00 
 1.21150000e-05  3.30000000e+00 
 1.21250000e-05  3.30000000e+00 
 1.21350000e-05  3.30000000e+00 
 1.21450000e-05  3.30000000e+00 
 1.21550000e-05  3.30000000e+00 
 1.21650000e-05  3.30000000e+00 
 1.21750000e-05  3.30000000e+00 
 1.21850000e-05  3.30000000e+00 
 1.21950000e-05  3.30000000e+00 
 1.22050000e-05  3.30000000e+00 
 1.22150000e-05  3.30000000e+00 
 1.22250000e-05  3.30000000e+00 
 1.22350000e-05  3.30000000e+00 
 1.22450000e-05  3.30000000e+00 
 1.22550000e-05  3.30000000e+00 
 1.22650000e-05  3.30000000e+00 
 1.22750000e-05  3.30000000e+00 
 1.22850000e-05  3.30000000e+00 
 1.22950000e-05  3.30000000e+00 
 1.23050000e-05  3.30000000e+00 
 1.23150000e-05  3.30000000e+00 
 1.23250000e-05  3.30000000e+00 
 1.23350000e-05  3.30000000e+00 
 1.23450000e-05  3.30000000e+00 
 1.23550000e-05  3.30000000e+00 
 1.23650000e-05  3.30000000e+00 
 1.23750000e-05  3.30000000e+00 
 1.23850000e-05  3.30000000e+00 
 1.23950000e-05  3.30000000e+00 
 1.24050000e-05  3.30000000e+00 
 1.24150000e-05  3.30000000e+00 
 1.24250000e-05  3.30000000e+00 
 1.24350000e-05  3.30000000e+00 
 1.24450000e-05  3.30000000e+00 
 1.24550000e-05  3.30000000e+00 
 1.24650000e-05  3.30000000e+00 
 1.24750000e-05  3.30000000e+00 
 1.24850000e-05  3.30000000e+00 
 1.24950000e-05  3.30000000e+00 
 1.25050000e-05  3.30000000e+00 
 1.25150000e-05  3.30000000e+00 
 1.25250000e-05  3.30000000e+00 
 1.25350000e-05  3.30000000e+00 
 1.25450000e-05  3.30000000e+00 
 1.25550000e-05  3.30000000e+00 
 1.25650000e-05  3.30000000e+00 
 1.25750000e-05  3.30000000e+00 
 1.25850000e-05  3.30000000e+00 
 1.25950000e-05  3.30000000e+00 
 1.26050000e-05  3.30000000e+00 
 1.26150000e-05  3.30000000e+00 
 1.26250000e-05  3.30000000e+00 
 1.26350000e-05  3.30000000e+00 
 1.26450000e-05  3.30000000e+00 
 1.26550000e-05  3.30000000e+00 
 1.26650000e-05  3.30000000e+00 
 1.26750000e-05  3.30000000e+00 
 1.26850000e-05  3.30000000e+00 
 1.26950000e-05  3.30000000e+00 
 1.27050000e-05  3.30000000e+00 
 1.27150000e-05  3.30000000e+00 
 1.27250000e-05  3.30000000e+00 
 1.27350000e-05  3.30000000e+00 
 1.27450000e-05  3.30000000e+00 
 1.27550000e-05  3.30000000e+00 
 1.27650000e-05  3.30000000e+00 
 1.27750000e-05  3.30000000e+00 
 1.27850000e-05  3.30000000e+00 
 1.27950000e-05  3.30000000e+00 
 1.28050000e-05  3.30000000e+00 
 1.28150000e-05  3.30000000e+00 
 1.28250000e-05  3.30000000e+00 
 1.28350000e-05  3.30000000e+00 
 1.28450000e-05  3.30000000e+00 
 1.28550000e-05  3.30000000e+00 
 1.28650000e-05  3.30000000e+00 
 1.28750000e-05  3.30000000e+00 
 1.28850000e-05  3.30000000e+00 
 1.28950000e-05  3.30000000e+00 
 1.29050000e-05  3.30000000e+00 
 1.29150000e-05  3.30000000e+00 
 1.29250000e-05  3.30000000e+00 
 1.29350000e-05  3.30000000e+00 
 1.29450000e-05  3.30000000e+00 
 1.29550000e-05  3.30000000e+00 
 1.29650000e-05  3.30000000e+00 
 1.29750000e-05  3.30000000e+00 
 1.29850000e-05  3.30000000e+00 
 1.29950000e-05  3.30000000e+00 
 1.30050000e-05  3.30000000e+00 
 1.30150000e-05  3.30000000e+00 
 1.30250000e-05  3.30000000e+00 
 1.30350000e-05  3.30000000e+00 
 1.30450000e-05  3.30000000e+00 
 1.30550000e-05  3.30000000e+00 
 1.30650000e-05  3.30000000e+00 
 1.30750000e-05  3.30000000e+00 
 1.30850000e-05  3.30000000e+00 
 1.30950000e-05  3.30000000e+00 
 1.31050000e-05  3.30000000e+00 
 1.31150000e-05  3.30000000e+00 
 1.31250000e-05  3.30000000e+00 
 1.31350000e-05  3.30000000e+00 
 1.31450000e-05  3.30000000e+00 
 1.31550000e-05  3.30000000e+00 
 1.31650000e-05  3.30000000e+00 
 1.31750000e-05  3.30000000e+00 
 1.31850000e-05  3.30000000e+00 
 1.31950000e-05  3.30000000e+00 
 1.32050000e-05  3.30000000e+00 
 1.32150000e-05  3.30000000e+00 
 1.32250000e-05  3.30000000e+00 
 1.32350000e-05  3.30000000e+00 
 1.32450000e-05  3.30000000e+00 
 1.32550000e-05  3.30000000e+00 
 1.32650000e-05  3.30000000e+00 
 1.32750000e-05  3.30000000e+00 
 1.32850000e-05  3.30000000e+00 
 1.32950000e-05  3.30000000e+00 
 1.33050000e-05  3.30000000e+00 
 1.33150000e-05  3.30000000e+00 
 1.33250000e-05  3.30000000e+00 
 1.33350000e-05  3.30000000e+00 
 1.33450000e-05  3.30000000e+00 
 1.33550000e-05  3.30000000e+00 
 1.33650000e-05  3.30000000e+00 
 1.33750000e-05  3.30000000e+00 
 1.33850000e-05  3.30000000e+00 
 1.33950000e-05  3.30000000e+00 
 1.34050000e-05  3.30000000e+00 
 1.34150000e-05  3.30000000e+00 
 1.34250000e-05  3.30000000e+00 
 1.34350000e-05  3.30000000e+00 
 1.34450000e-05  3.30000000e+00 
 1.34550000e-05  3.30000000e+00 
 1.34650000e-05  3.30000000e+00 
 1.34750000e-05  3.30000000e+00 
 1.34850000e-05  3.30000000e+00 
 1.34950000e-05  3.30000000e+00 
 1.35050000e-05  3.30000000e+00 
 1.35150000e-05  3.30000000e+00 
 1.35250000e-05  3.30000000e+00 
 1.35350000e-05  3.30000000e+00 
 1.35450000e-05  3.30000000e+00 
 1.35550000e-05  3.30000000e+00 
 1.35650000e-05  3.30000000e+00 
 1.35750000e-05  3.30000000e+00 
 1.35850000e-05  3.30000000e+00 
 1.35950000e-05  3.30000000e+00 
 1.36050000e-05  3.30000000e+00 
 1.36150000e-05  3.30000000e+00 
 1.36250000e-05  3.30000000e+00 
 1.36350000e-05  3.30000000e+00 
 1.36450000e-05  3.30000000e+00 
 1.36550000e-05  3.30000000e+00 
 1.36650000e-05  3.30000000e+00 
 1.36750000e-05  3.30000000e+00 
 1.36850000e-05  3.30000000e+00 
 1.36950000e-05  3.30000000e+00 
 1.37050000e-05  3.30000000e+00 
 1.37150000e-05  3.30000000e+00 
 1.37250000e-05  3.30000000e+00 
 1.37350000e-05  3.30000000e+00 
 1.37450000e-05  3.30000000e+00 
 1.37550000e-05  3.30000000e+00 
 1.37650000e-05  3.30000000e+00 
 1.37750000e-05  3.30000000e+00 
 1.37850000e-05  3.30000000e+00 
 1.37950000e-05  3.30000000e+00 
 1.38050000e-05  3.30000000e+00 
 1.38150000e-05  3.30000000e+00 
 1.38250000e-05  3.30000000e+00 
 1.38350000e-05  3.30000000e+00 
 1.38450000e-05  3.30000000e+00 
 1.38550000e-05  3.30000000e+00 
 1.38650000e-05  3.30000000e+00 
 1.38750000e-05  3.30000000e+00 
 1.38850000e-05  3.30000000e+00 
 1.38950000e-05  3.30000000e+00 
 1.39050000e-05  3.30000000e+00 
 1.39150000e-05  3.30000000e+00 
 1.39250000e-05  3.30000000e+00 
 1.39350000e-05  3.30000000e+00 
 1.39450000e-05  3.30000000e+00 
 1.39550000e-05  3.30000000e+00 
 1.39650000e-05  3.30000000e+00 
 1.39750000e-05  3.30000000e+00 
 1.39850000e-05  3.30000000e+00 
 1.39950000e-05  3.30000000e+00 
 1.40050000e-05  3.30000000e+00 
 1.40150000e-05  3.30000000e+00 
 1.40250000e-05  3.30000000e+00 
 1.40350000e-05  3.30000000e+00 
 1.40450000e-05  3.30000000e+00 
 1.40550000e-05  3.30000000e+00 
 1.40650000e-05  3.30000000e+00 
 1.40750000e-05  3.30000000e+00 
 1.40850000e-05  3.30000000e+00 
 1.40950000e-05  3.30000000e+00 
 1.41050000e-05  3.30000000e+00 
 1.41150000e-05  3.30000000e+00 
 1.41250000e-05  3.30000000e+00 
 1.41350000e-05  3.30000000e+00 
 1.41450000e-05  3.30000000e+00 
 1.41550000e-05  3.30000000e+00 
 1.41650000e-05  3.30000000e+00 
 1.41750000e-05  3.30000000e+00 
 1.41850000e-05  3.30000000e+00 
 1.41950000e-05  3.30000000e+00 
 1.42050000e-05  3.30000000e+00 
 1.42150000e-05  3.30000000e+00 
 1.42250000e-05  3.30000000e+00 
 1.42350000e-05  3.30000000e+00 
 1.42450000e-05  3.30000000e+00 
 1.42550000e-05  3.30000000e+00 
 1.42650000e-05  3.30000000e+00 
 1.42750000e-05  3.30000000e+00 
 1.42850000e-05  3.30000000e+00 
 1.42950000e-05  3.30000000e+00 
 1.43050000e-05  3.30000000e+00 
 1.43150000e-05  3.30000000e+00 
 1.43250000e-05  3.30000000e+00 
 1.43350000e-05  3.30000000e+00 
 1.43450000e-05  3.30000000e+00 
 1.43550000e-05  3.30000000e+00 
 1.43650000e-05  3.30000000e+00 
 1.43750000e-05  3.30000000e+00 
 1.43850000e-05  3.30000000e+00 
 1.43950000e-05  3.30000000e+00 
 1.44050000e-05  3.30000000e+00 
 1.44150000e-05  3.30000000e+00 
 1.44250000e-05  3.30000000e+00 
 1.44350000e-05  3.30000000e+00 
 1.44450000e-05  3.30000000e+00 
 1.44550000e-05  3.30000000e+00 
 1.44650000e-05  3.30000000e+00 
 1.44750000e-05  3.30000000e+00 
 1.44850000e-05  3.30000000e+00 
 1.44950000e-05  3.30000000e+00 
 1.45050000e-05  3.30000000e+00 
 1.45150000e-05  3.30000000e+00 
 1.45250000e-05  3.30000000e+00 
 1.45350000e-05  3.30000000e+00 
 1.45450000e-05  3.30000000e+00 
 1.45550000e-05  3.30000000e+00 
 1.45650000e-05  3.30000000e+00 
 1.45750000e-05  3.30000000e+00 
 1.45850000e-05  3.30000000e+00 
 1.45950000e-05  3.30000000e+00 
 1.46050000e-05  3.30000000e+00 
 1.46150000e-05  3.30000000e+00 
 1.46250000e-05  3.30000000e+00 
 1.46350000e-05  3.30000000e+00 
 1.46450000e-05  3.30000000e+00 
 1.46550000e-05  3.30000000e+00 
 1.46650000e-05  3.30000000e+00 
 1.46750000e-05  3.30000000e+00 
 1.46850000e-05  3.30000000e+00 
 1.46950000e-05  3.30000000e+00 
 1.47050000e-05  3.30000000e+00 
 1.47150000e-05  3.30000000e+00 
 1.47250000e-05  3.30000000e+00 
 1.47350000e-05  3.30000000e+00 
 1.47450000e-05  3.30000000e+00 
 1.47550000e-05  3.30000000e+00 
 1.47650000e-05  3.30000000e+00 
 1.47750000e-05  3.30000000e+00 
 1.47850000e-05  3.30000000e+00 
 1.47950000e-05  3.30000000e+00 
 1.48050000e-05  3.30000000e+00 
 1.48150000e-05  3.30000000e+00 
 1.48250000e-05  3.30000000e+00 
 1.48350000e-05  3.30000000e+00 
 1.48450000e-05  3.30000000e+00 
 1.48550000e-05  3.30000000e+00 
 1.48650000e-05  3.30000000e+00 
 1.48750000e-05  3.30000000e+00 
 1.48850000e-05  3.30000000e+00 
 1.48950000e-05  3.30000000e+00 
 1.49050000e-05  3.30000000e+00 
 1.49150000e-05  3.30000000e+00 
 1.49250000e-05  3.30000000e+00 
 1.49350000e-05  3.30000000e+00 
 1.49450000e-05  3.30000000e+00 
 1.49550000e-05  3.30000000e+00 
 1.49650000e-05  3.30000000e+00 
 1.49750000e-05  3.30000000e+00 
 1.49850000e-05  3.30000000e+00 
 1.49950000e-05  3.30000000e+00 
 1.50050000e-05  3.30000000e+00 
 1.50150000e-05  3.30000000e+00 
 1.50250000e-05  3.30000000e+00 
 1.50350000e-05  3.30000000e+00 
 1.50450000e-05  3.30000000e+00 
 1.50550000e-05  3.30000000e+00 
 1.50650000e-05  3.30000000e+00 
 1.50750000e-05  3.30000000e+00 
 1.50850000e-05  3.30000000e+00 
 1.50950000e-05  3.30000000e+00 
 1.51050000e-05  3.30000000e+00 
 1.51150000e-05  3.30000000e+00 
 1.51250000e-05  3.30000000e+00 
 1.51350000e-05  3.30000000e+00 
 1.51450000e-05  3.30000000e+00 
 1.51550000e-05  3.30000000e+00 
 1.51650000e-05  3.30000000e+00 
 1.51750000e-05  3.30000000e+00 
 1.51850000e-05  3.30000000e+00 
 1.51950000e-05  3.30000000e+00 
 1.52050000e-05  3.30000000e+00 
 1.52150000e-05  3.30000000e+00 
 1.52250000e-05  3.30000000e+00 
 1.52350000e-05  3.30000000e+00 
 1.52450000e-05  3.30000000e+00 
 1.52550000e-05  3.30000000e+00 
 1.52650000e-05  3.30000000e+00 
 1.52750000e-05  3.30000000e+00 
 1.52850000e-05  3.30000000e+00 
 1.52950000e-05  3.30000000e+00 
 1.53050000e-05  3.30000000e+00 
 1.53150000e-05  3.30000000e+00 
 1.53250000e-05  3.30000000e+00 
 1.53350000e-05  3.30000000e+00 
 1.53450000e-05  3.30000000e+00 
 1.53550000e-05  3.30000000e+00 
 1.53650000e-05  3.30000000e+00 
 1.53750000e-05  3.30000000e+00 
 1.53850000e-05  3.30000000e+00 
 1.53950000e-05  3.30000000e+00 
 1.54050000e-05  3.30000000e+00 
 1.54150000e-05  3.30000000e+00 
 1.54250000e-05  3.30000000e+00 
 1.54350000e-05  3.30000000e+00 
 1.54450000e-05  3.30000000e+00 
 1.54550000e-05  3.30000000e+00 
 1.54650000e-05  3.30000000e+00 
 1.54750000e-05  3.30000000e+00 
 1.54850000e-05  3.30000000e+00 
 1.54950000e-05  3.30000000e+00 
 1.55050000e-05  3.30000000e+00 
 1.55150000e-05  3.30000000e+00 
 1.55250000e-05  3.30000000e+00 
 1.55350000e-05  3.30000000e+00 
 1.55450000e-05  3.30000000e+00 
 1.55550000e-05  3.30000000e+00 
 1.55650000e-05  3.30000000e+00 
 1.55750000e-05  3.30000000e+00 
 1.55850000e-05  3.30000000e+00 
 1.55950000e-05  3.30000000e+00 
 1.56050000e-05  3.30000000e+00 
 1.56150000e-05  3.30000000e+00 
 1.56250000e-05  3.30000000e+00 
 1.56350000e-05  3.30000000e+00 
 1.56450000e-05  3.30000000e+00 
 1.56550000e-05  3.30000000e+00 
 1.56650000e-05  3.30000000e+00 
 1.56750000e-05  3.30000000e+00 
 1.56850000e-05  3.30000000e+00 
 1.56950000e-05  3.30000000e+00 
 1.57050000e-05  3.30000000e+00 
 1.57150000e-05  3.30000000e+00 
 1.57250000e-05  3.30000000e+00 
 1.57350000e-05  3.30000000e+00 
 1.57450000e-05  3.30000000e+00 
 1.57550000e-05  3.30000000e+00 
 1.57650000e-05  3.30000000e+00 
 1.57750000e-05  3.30000000e+00 
 1.57850000e-05  3.30000000e+00 
 1.57950000e-05  3.30000000e+00 
 1.58050000e-05  3.30000000e+00 
 1.58150000e-05  3.30000000e+00 
 1.58250000e-05  3.30000000e+00 
 1.58350000e-05  3.30000000e+00 
 1.58450000e-05  3.30000000e+00 
 1.58550000e-05  3.30000000e+00 
 1.58650000e-05  3.30000000e+00 
 1.58750000e-05  3.30000000e+00 
 1.58850000e-05  3.30000000e+00 
 1.58950000e-05  3.30000000e+00 
 1.59050000e-05  3.30000000e+00 
 1.59150000e-05  3.30000000e+00 
 1.59250000e-05  3.30000000e+00 
 1.59350000e-05  3.30000000e+00 
 1.59450000e-05  3.30000000e+00 
 1.59550000e-05  3.30000000e+00 
 1.59650000e-05  3.30000000e+00 
 1.59750000e-05  3.30000000e+00 
 1.59850000e-05  3.30000000e+00 
 1.59950000e-05  3.30000000e+00 
 1.60050000e-05  3.30000000e+00 
 1.60150000e-05  3.30000000e+00 
 1.60250000e-05  3.30000000e+00 
 1.60350000e-05  3.30000000e+00 
 1.60450000e-05  3.30000000e+00 
 1.60550000e-05  3.30000000e+00 
 1.60650000e-05  3.30000000e+00 
 1.60750000e-05  3.30000000e+00 
 1.60850000e-05  3.30000000e+00 
 1.60950000e-05  3.30000000e+00 
 1.61050000e-05  3.30000000e+00 
 1.61150000e-05  3.30000000e+00 
 1.61250000e-05  3.30000000e+00 
 1.61350000e-05  3.30000000e+00 
 1.61450000e-05  3.30000000e+00 
 1.61550000e-05  3.30000000e+00 
 1.61650000e-05  3.30000000e+00 
 1.61750000e-05  3.30000000e+00 
 1.61850000e-05  3.30000000e+00 
 1.61950000e-05  3.30000000e+00 
 1.62050000e-05  3.30000000e+00 
 1.62150000e-05  3.30000000e+00 
 1.62250000e-05  3.30000000e+00 
 1.62350000e-05  3.30000000e+00 
 1.62450000e-05  3.30000000e+00 
 1.62550000e-05  3.30000000e+00 
 1.62650000e-05  3.30000000e+00 
 1.62750000e-05  3.30000000e+00 
 1.62850000e-05  3.30000000e+00 
 1.62950000e-05  3.30000000e+00 
 1.63050000e-05  3.30000000e+00 
 1.63150000e-05  3.30000000e+00 
 1.63250000e-05  3.30000000e+00 
 1.63350000e-05  3.30000000e+00 
 1.63450000e-05  3.30000000e+00 
 1.63550000e-05  3.30000000e+00 
 1.63650000e-05  3.30000000e+00 
 1.63750000e-05  3.30000000e+00 
 1.63850000e-05  3.30000000e+00 
 1.63950000e-05  3.30000000e+00 
 1.64050000e-05  3.30000000e+00 
 1.64150000e-05  3.30000000e+00 
 1.64250000e-05  3.30000000e+00 
 1.64350000e-05  3.30000000e+00 
 1.64450000e-05  3.30000000e+00 
 1.64550000e-05  3.30000000e+00 
 1.64650000e-05  3.30000000e+00 
 1.64750000e-05  3.30000000e+00 
 1.64850000e-05  3.30000000e+00 
 1.64950000e-05  3.30000000e+00 
 1.65050000e-05  3.30000000e+00 
 1.65150000e-05  3.30000000e+00 
 1.65250000e-05  3.30000000e+00 
 1.65350000e-05  3.30000000e+00 
 1.65450000e-05  3.30000000e+00 
 1.65550000e-05  3.30000000e+00 
 1.65650000e-05  3.30000000e+00 
 1.65750000e-05  3.30000000e+00 
 1.65850000e-05  3.30000000e+00 
 1.65950000e-05  3.30000000e+00 
 1.66050000e-05  3.30000000e+00 
 1.66150000e-05  3.30000000e+00 
 1.66250000e-05  3.30000000e+00 
 1.66350000e-05  3.30000000e+00 
 1.66450000e-05  3.30000000e+00 
 1.66550000e-05  3.30000000e+00 
 1.66650000e-05  3.30000000e+00 
 1.66750000e-05  3.30000000e+00 
 1.66850000e-05  3.30000000e+00 
 1.66950000e-05  3.30000000e+00 
 1.67050000e-05  3.30000000e+00 
 1.67150000e-05  3.30000000e+00 
 1.67250000e-05  3.30000000e+00 
 1.67350000e-05  3.30000000e+00 
 1.67450000e-05  3.30000000e+00 
 1.67550000e-05  3.30000000e+00 
 1.67650000e-05  3.30000000e+00 
 1.67750000e-05  3.30000000e+00 
 1.67850000e-05  3.30000000e+00 
 1.67950000e-05  3.30000000e+00 
 1.68050000e-05  3.30000000e+00 
 1.68150000e-05  3.30000000e+00 
 1.68250000e-05  3.30000000e+00 
 1.68350000e-05  3.30000000e+00 
 1.68450000e-05  3.30000000e+00 
 1.68550000e-05  3.30000000e+00 
 1.68650000e-05  3.30000000e+00 
 1.68750000e-05  3.30000000e+00 
 1.68850000e-05  3.30000000e+00 
 1.68950000e-05  3.30000000e+00 
 1.69050000e-05  3.30000000e+00 
 1.69150000e-05  3.30000000e+00 
 1.69250000e-05  3.30000000e+00 
 1.69350000e-05  3.30000000e+00 
 1.69450000e-05  3.30000000e+00 
 1.69550000e-05  3.30000000e+00 
 1.69650000e-05  3.30000000e+00 
 1.69750000e-05  3.30000000e+00 
 1.69850000e-05  3.30000000e+00 
 1.69950000e-05  3.30000000e+00 
 1.70050000e-05  3.30000000e+00 
 1.70150000e-05  3.30000000e+00 
 1.70250000e-05  3.30000000e+00 
 1.70350000e-05  3.30000000e+00 
 1.70450000e-05  3.30000000e+00 
 1.70550000e-05  3.30000000e+00 
 1.70650000e-05  3.30000000e+00 
 1.70750000e-05  3.30000000e+00 
 1.70850000e-05  3.30000000e+00 
 1.70950000e-05  3.30000000e+00 
 1.71050000e-05  3.30000000e+00 
 1.71150000e-05  3.30000000e+00 
 1.71250000e-05  3.30000000e+00 
 1.71350000e-05  3.30000000e+00 
 1.71450000e-05  3.30000000e+00 
 1.71550000e-05  3.30000000e+00 
 1.71650000e-05  3.30000000e+00 
 1.71750000e-05  3.30000000e+00 
 1.71850000e-05  3.30000000e+00 
 1.71950000e-05  3.30000000e+00 
 1.72050000e-05  3.30000000e+00 
 1.72150000e-05  3.30000000e+00 
 1.72250000e-05  3.30000000e+00 
 1.72350000e-05  3.30000000e+00 
 1.72450000e-05  3.30000000e+00 
 1.72550000e-05  3.30000000e+00 
 1.72650000e-05  3.30000000e+00 
 1.72750000e-05  3.30000000e+00 
 1.72850000e-05  3.30000000e+00 
 1.72950000e-05  3.30000000e+00 
 1.73050000e-05  3.30000000e+00 
 1.73150000e-05  3.30000000e+00 
 1.73250000e-05  3.30000000e+00 
 1.73350000e-05  3.30000000e+00 
 1.73450000e-05  3.30000000e+00 
 1.73550000e-05  3.30000000e+00 
 1.73650000e-05  3.30000000e+00 
 1.73750000e-05  3.30000000e+00 
 1.73850000e-05  3.30000000e+00 
 1.73950000e-05  3.30000000e+00 
 1.74050000e-05  3.30000000e+00 
 1.74150000e-05  3.30000000e+00 
 1.74250000e-05  3.30000000e+00 
 1.74350000e-05  3.30000000e+00 
 1.74450000e-05  3.30000000e+00 
 1.74550000e-05  3.30000000e+00 
 1.74650000e-05  3.30000000e+00 
 1.74750000e-05  3.30000000e+00 
 1.74850000e-05  3.30000000e+00 
 1.74950000e-05  3.30000000e+00 
 1.75050000e-05  3.30000000e+00 
 1.75150000e-05  3.30000000e+00 
 1.75250000e-05  3.30000000e+00 
 1.75350000e-05  3.30000000e+00 
 1.75450000e-05  3.30000000e+00 
 1.75550000e-05  3.30000000e+00 
 1.75650000e-05  3.30000000e+00 
 1.75750000e-05  3.30000000e+00 
 1.75850000e-05  3.30000000e+00 
 1.75950000e-05  3.30000000e+00 
 1.76050000e-05  3.30000000e+00 
 1.76150000e-05  3.30000000e+00 
 1.76250000e-05  3.30000000e+00 
 1.76350000e-05  3.30000000e+00 
 1.76450000e-05  3.30000000e+00 
 1.76550000e-05  3.30000000e+00 
 1.76650000e-05  3.30000000e+00 
 1.76750000e-05  3.30000000e+00 
 1.76850000e-05  3.30000000e+00 
 1.76950000e-05  3.30000000e+00 
 1.77050000e-05  3.30000000e+00 
 1.77150000e-05  3.30000000e+00 
 1.77250000e-05  3.30000000e+00 
 1.77350000e-05  3.30000000e+00 
 1.77450000e-05  3.30000000e+00 
 1.77550000e-05  3.30000000e+00 
 1.77650000e-05  3.30000000e+00 
 1.77750000e-05  3.30000000e+00 
 1.77850000e-05  3.30000000e+00 
 1.77950000e-05  3.30000000e+00 
 1.78050000e-05  3.30000000e+00 
 1.78150000e-05  3.30000000e+00 
 1.78250000e-05  3.30000000e+00 
 1.78350000e-05  3.30000000e+00 
 1.78450000e-05  3.30000000e+00 
 1.78550000e-05  3.30000000e+00 
 1.78650000e-05  3.30000000e+00 
 1.78750000e-05  3.30000000e+00 
 1.78850000e-05  3.30000000e+00 
 1.78950000e-05  3.30000000e+00 
 1.79050000e-05  3.30000000e+00 
 1.79150000e-05  3.30000000e+00 
 1.79250000e-05  3.30000000e+00 
 1.79350000e-05  3.30000000e+00 
 1.79450000e-05  3.30000000e+00 
 1.79550000e-05  3.30000000e+00 
 1.79650000e-05  3.30000000e+00 
 1.79750000e-05  3.30000000e+00 
 1.79850000e-05  3.30000000e+00 
 1.79950000e-05  3.30000000e+00 
 1.80050000e-05  3.30000000e+00 
 1.80150000e-05  3.30000000e+00 
 1.80250000e-05  3.30000000e+00 
 1.80350000e-05  3.30000000e+00 
 1.80450000e-05  3.30000000e+00 
 1.80550000e-05  3.30000000e+00 
 1.80650000e-05  3.30000000e+00 
 1.80750000e-05  3.30000000e+00 
 1.80850000e-05  3.30000000e+00 
 1.80950000e-05  3.30000000e+00 
 1.81050000e-05  3.30000000e+00 
 1.81150000e-05  3.30000000e+00 
 1.81250000e-05  3.30000000e+00 
 1.81350000e-05  3.30000000e+00 
 1.81450000e-05  3.30000000e+00 
 1.81550000e-05  3.30000000e+00 
 1.81650000e-05  3.30000000e+00 
 1.81750000e-05  3.30000000e+00 
 1.81850000e-05  3.30000000e+00 
 1.81950000e-05  3.30000000e+00 
 1.82050000e-05  3.30000000e+00 
 1.82150000e-05  3.30000000e+00 
 1.82250000e-05  3.30000000e+00 
 1.82350000e-05  3.30000000e+00 
 1.82450000e-05  3.30000000e+00 
 1.82550000e-05  3.30000000e+00 
 1.82650000e-05  3.30000000e+00 
 1.82750000e-05  3.30000000e+00 
 1.82850000e-05  3.30000000e+00 
 1.82950000e-05  3.30000000e+00 
 1.83050000e-05  3.30000000e+00 
 1.83150000e-05  3.30000000e+00 
 1.83250000e-05  3.30000000e+00 
 1.83350000e-05  3.30000000e+00 
 1.83450000e-05  3.30000000e+00 
 1.83550000e-05  3.30000000e+00 
 1.83650000e-05  3.30000000e+00 
 1.83750000e-05  3.30000000e+00 
 1.83850000e-05  3.30000000e+00 
 1.83950000e-05  3.30000000e+00 
 1.84050000e-05  3.30000000e+00 
 1.84150000e-05  3.30000000e+00 
 1.84250000e-05  3.30000000e+00 
 1.84350000e-05  3.30000000e+00 
 1.84450000e-05  3.30000000e+00 
 1.84550000e-05  3.30000000e+00 
 1.84650000e-05  3.30000000e+00 
 1.84750000e-05  3.30000000e+00 
 1.84850000e-05  3.30000000e+00 
 1.84950000e-05  3.30000000e+00 
 1.85050000e-05  3.30000000e+00 
 1.85150000e-05  3.30000000e+00 
 1.85250000e-05  3.30000000e+00 
 1.85350000e-05  3.30000000e+00 
 1.85450000e-05  3.30000000e+00 
 1.85550000e-05  3.30000000e+00 
 1.85650000e-05  3.30000000e+00 
 1.85750000e-05  3.30000000e+00 
 1.85850000e-05  3.30000000e+00 
 1.85950000e-05  3.30000000e+00 
 1.86050000e-05  3.30000000e+00 
 1.86150000e-05  3.30000000e+00 
 1.86250000e-05  3.30000000e+00 
 1.86350000e-05  3.30000000e+00 
 1.86450000e-05  3.30000000e+00 
 1.86550000e-05  3.30000000e+00 
 1.86650000e-05  3.30000000e+00 
 1.86750000e-05  3.30000000e+00 
 1.86850000e-05  3.30000000e+00 
 1.86950000e-05  3.30000000e+00 
 1.87050000e-05  3.30000000e+00 
 1.87150000e-05  3.30000000e+00 
 1.87250000e-05  3.30000000e+00 
 1.87350000e-05  3.30000000e+00 
 1.87450000e-05  3.30000000e+00 
 1.87550000e-05  3.30000000e+00 
 1.87650000e-05  3.30000000e+00 
 1.87750000e-05  3.30000000e+00 
 1.87850000e-05  3.30000000e+00 
 1.87950000e-05  3.30000000e+00 
 1.88050000e-05  3.30000000e+00 
 1.88150000e-05  3.30000000e+00 
 1.88250000e-05  3.30000000e+00 
 1.88350000e-05  3.30000000e+00 
 1.88450000e-05  3.30000000e+00 
 1.88550000e-05  3.30000000e+00 
 1.88650000e-05  3.30000000e+00 
 1.88750000e-05  3.30000000e+00 
 1.88850000e-05  3.30000000e+00 
 1.88950000e-05  3.30000000e+00 
 1.89050000e-05  3.30000000e+00 
 1.89150000e-05  3.30000000e+00 
 1.89250000e-05  3.30000000e+00 
 1.89350000e-05  3.30000000e+00 
 1.89450000e-05  3.30000000e+00 
 1.89550000e-05  3.30000000e+00 
 1.89650000e-05  3.30000000e+00 
 1.89750000e-05  3.30000000e+00 
 1.89850000e-05  3.30000000e+00 
 1.89950000e-05  3.30000000e+00 
 1.90050000e-05  3.30000000e+00 
 1.90150000e-05  3.30000000e+00 
 1.90250000e-05  3.30000000e+00 
 1.90350000e-05  3.30000000e+00 
 1.90450000e-05  3.30000000e+00 
 1.90550000e-05  3.30000000e+00 
 1.90650000e-05  3.30000000e+00 
 1.90750000e-05  3.30000000e+00 
 1.90850000e-05  3.30000000e+00 
 1.90950000e-05  3.30000000e+00 
 1.91050000e-05  3.30000000e+00 
 1.91150000e-05  3.30000000e+00 
 1.91250000e-05  3.30000000e+00 
 1.91350000e-05  3.30000000e+00 
 1.91450000e-05  3.30000000e+00 
 1.91550000e-05  3.30000000e+00 
 1.91650000e-05  3.30000000e+00 
 1.91750000e-05  3.30000000e+00 
 1.91850000e-05  3.30000000e+00 
 1.91950000e-05  3.30000000e+00 
 1.92050000e-05  3.30000000e+00 
 1.92150000e-05  3.30000000e+00 
 1.92250000e-05  3.30000000e+00 
 1.92350000e-05  3.30000000e+00 
 1.92450000e-05  3.30000000e+00 
 1.92550000e-05  3.30000000e+00 
 1.92650000e-05  3.30000000e+00 
 1.92750000e-05  3.30000000e+00 
 1.92850000e-05  3.30000000e+00 
 1.92950000e-05  3.30000000e+00 
 1.93050000e-05  3.30000000e+00 
 1.93150000e-05  3.30000000e+00 
 1.93250000e-05  3.30000000e+00 
 1.93350000e-05  3.30000000e+00 
 1.93450000e-05  3.30000000e+00 
 1.93550000e-05  3.30000000e+00 
 1.93650000e-05  3.30000000e+00 
 1.93750000e-05  3.30000000e+00 
 1.93850000e-05  3.30000000e+00 
 1.93950000e-05  3.30000000e+00 
 1.94050000e-05  3.30000000e+00 
 1.94150000e-05  3.30000000e+00 
 1.94250000e-05  3.30000000e+00 
 1.94350000e-05  3.30000000e+00 
 1.94450000e-05  3.30000000e+00 
 1.94550000e-05  3.30000000e+00 
 1.94650000e-05  3.30000000e+00 
 1.94750000e-05  3.30000000e+00 
 1.94850000e-05  3.30000000e+00 
 1.94950000e-05  3.30000000e+00 
 1.95050000e-05  3.30000000e+00 
 1.95150000e-05  3.30000000e+00 
 1.95250000e-05  3.30000000e+00 
 1.95350000e-05  3.30000000e+00 
 1.95450000e-05  3.30000000e+00 
 1.95550000e-05  3.30000000e+00 
 1.95650000e-05  3.30000000e+00 
 1.95750000e-05  3.30000000e+00 
 1.95850000e-05  3.30000000e+00 
 1.95950000e-05  3.30000000e+00 
 1.96050000e-05  3.30000000e+00 
 1.96150000e-05  3.30000000e+00 
 1.96250000e-05  3.30000000e+00 
 1.96350000e-05  3.30000000e+00 
 1.96450000e-05  3.30000000e+00 
 1.96550000e-05  3.30000000e+00 
 1.96650000e-05  3.30000000e+00 
 1.96750000e-05  3.30000000e+00 
 1.96850000e-05  3.30000000e+00 
 1.96950000e-05  3.30000000e+00 
 1.97050000e-05  3.30000000e+00 
 1.97150000e-05  3.30000000e+00 
 1.97250000e-05  3.30000000e+00 
 1.97350000e-05  3.30000000e+00 
 1.97450000e-05  3.30000000e+00 
 1.97550000e-05  3.30000000e+00 
 1.97650000e-05  3.30000000e+00 
 1.97750000e-05  3.30000000e+00 
 1.97850000e-05  3.30000000e+00 
 1.97950000e-05  3.30000000e+00 
 1.98050000e-05  3.30000000e+00 
 1.98150000e-05  3.30000000e+00 
 1.98250000e-05  3.30000000e+00 
 1.98350000e-05  3.30000000e+00 
 1.98450000e-05  3.30000000e+00 
 1.98550000e-05  3.30000000e+00 
 1.98650000e-05  3.30000000e+00 
 1.98750000e-05  3.30000000e+00 
 1.98850000e-05  3.30000000e+00 
 1.98950000e-05  3.30000000e+00 
 1.99050000e-05  3.30000000e+00 
 1.99150000e-05  3.30000000e+00 
 1.99250000e-05  3.30000000e+00 
 1.99350000e-05  3.30000000e+00 
 1.99450000e-05  3.30000000e+00 
 1.99550000e-05  3.30000000e+00 
 1.99650000e-05  3.30000000e+00 
 1.99750000e-05  3.30000000e+00 
 1.99850000e-05  3.30000000e+00 
 1.99950000e-05  3.30000000e+00 
 2.00000000e-05  3.30000000e+00 
