 0.00000000e+00  8.17890260e-15 
 1.00000000e-10  1.06132812e-07 
 2.00000000e-10  1.06040155e-07 
 4.00000000e-10  1.05934987e-07 
 8.00000000e-10  1.05845215e-07 
 1.60000000e-09  1.05597333e-07 
 3.20000000e-09  1.05323709e-07 
 6.40000000e-09  1.04921400e-07 
 1.28000000e-08  1.04612174e-07 
 2.28000000e-08  1.04282179e-07 
 3.28000000e-08  1.04106416e-07 
 4.28000000e-08  1.03875795e-07 
 5.28000000e-08  1.03748147e-07 
 6.28000000e-08  1.03551462e-07 
 7.28000000e-08  1.03452498e-07 
 8.28000000e-08  1.03282006e-07 
 9.28000000e-08  1.03207738e-07 
 1.02800000e-07  1.03060793e-07 
 1.12800000e-07  1.03009008e-07 
 1.22800000e-07  1.02883419e-07 
 1.32800000e-07  1.02851738e-07 
 1.42800000e-07  1.02744842e-07 
 1.52800000e-07  1.02730477e-07 
 1.62800000e-07  1.02639352e-07 
 1.72800000e-07  1.02638529e-07 
 1.82800000e-07  1.02560172e-07 
 1.92800000e-07  1.02570686e-07 
 2.02800000e-07  1.02503541e-07 
 2.12800000e-07  1.02524881e-07 
 2.22800000e-07  1.02468496e-07 
 2.32800000e-07  1.02503590e-07 
 2.42800000e-07  1.02464522e-07 
 2.52800000e-07  1.02522235e-07 
 2.62800000e-07  1.02513155e-07 
 2.72800000e-07  1.02610675e-07 
 2.82800000e-07  1.02654045e-07 
 2.92800000e-07  1.02819814e-07 
 3.02800000e-07  1.02950546e-07 
 3.12800000e-07  1.03225910e-07 
 3.22800000e-07  1.03490736e-07 
 3.32800000e-07  1.03925116e-07 
 3.42800000e-07  1.04371107e-07 
 3.52800000e-07  1.05001397e-07 
 3.62800000e-07  1.05644955e-07 
 3.72800000e-07  1.06455943e-07 
 3.82800000e-07  1.07241652e-07 
 3.92800000e-07  1.08135912e-07 
 4.02800000e-07  1.08932521e-07 
 4.12800000e-07  1.09762956e-07 
 4.22800000e-07  1.10430709e-07 
 4.32800000e-07  1.11086053e-07 
 4.42800000e-07  1.11554986e-07 
 4.52800000e-07  1.12008609e-07 
 4.62800000e-07  1.12288525e-07 
 4.72800000e-07  1.12575081e-07 
 4.82800000e-07  1.12713397e-07 
 4.92800000e-07  1.12882806e-07 
 5.02800000e-07  1.12925178e-07 
 5.12800000e-07  1.13015245e-07 
 5.22800000e-07  1.12988255e-07 
 5.32800000e-07  1.13012989e-07 
 5.42800000e-07  1.12918368e-07 
 5.52800000e-07  1.12865040e-07 
 5.62800000e-07  1.12670500e-07 
 5.72800000e-07  1.12480019e-07 
 5.82800000e-07  1.12075250e-07 
 5.92800000e-07  1.11471859e-07 
 6.02800000e-07  1.10577889e-07 
 6.12800000e-07  1.09169148e-07 
 6.22800000e-07  1.07324839e-07 
 6.32800000e-07  1.05880234e-07 
 6.42800000e-07  1.05547744e-07 
 6.52800000e-07  1.08442861e-07 
 6.62800000e-07  1.12735171e-07 
 6.72800000e-07  1.08454682e-07 
 6.82800000e-07  1.04602623e-07 
 6.92800000e-07  1.05281890e-07 
 7.02800000e-07  1.06328267e-07 
 7.12800000e-07  1.01929581e-07 
 7.22800000e-07  1.02577180e-07 
 7.32800000e-07  9.61087019e-08 
 7.42800000e-07  9.06006109e-08 
 7.52800000e-07  8.29253555e-08 
 7.62800000e-07  8.17324396e-08 
 7.72800000e-07  7.62388625e-08 
 7.82800000e-07  7.66159644e-08 
 7.92800000e-07  7.20168448e-08 
 8.02800000e-07  7.30007241e-08 
 8.12800000e-07  6.86851208e-08 
 8.22800000e-07  6.98576241e-08 
 8.32800000e-07  6.56829287e-08 
 8.42800000e-07  6.70195433e-08 
 8.52800000e-07  6.30060066e-08 
 8.62800000e-07  6.45272220e-08 
 8.72800000e-07  6.06929065e-08 
 8.82800000e-07  6.24404810e-08 
 8.92800000e-07  5.89486485e-08 
 9.02800000e-07  6.15788897e-08 
 9.12800000e-07  6.05015870e-08 
 9.22800000e-07  8.56412410e-08 
 9.32800000e-07  1.12442406e-07 
 9.42800000e-07  9.81787795e-08 
 9.52800000e-07  3.96318850e-07 
 9.62800000e-07  1.07180882e-06 
 9.72800000e-07  1.51708967e-06 
 9.82800000e-07  2.05136400e-06 
 9.92800000e-07  2.55472492e-06 
 1.00000000e-06  3.03368213e-06 
 1.00100000e-06  2.99266145e-06 
 1.00300000e-06  3.12333411e-06 
 1.00700000e-06  3.40130468e-06 
 1.01500000e-06  3.99892099e-06 
 1.02500000e-06  4.87446621e-06 
 1.03500000e-06  5.97019819e-06 
 1.04500000e-06  7.41199692e-06 
 1.05500000e-06  9.39570234e-06 
 1.06500000e-06  1.22365821e-05 
 1.07500000e-06  1.59040218e-05 
 1.08500000e-06  1.94285215e-05 
 1.09500000e-06  2.07622869e-05 
 1.10500000e-06  1.98097186e-05 
 1.11500000e-06  1.80381002e-05 
 1.12500000e-06  1.59328900e-05 
 1.13500000e-06  1.40017581e-05 
 1.14500000e-06  1.20931731e-05 
 1.15500000e-06  1.04586251e-05 
 1.16500000e-06  8.96866057e-06 
 1.17500000e-06  7.74394273e-06 
 1.18500000e-06  6.66226371e-06 
 1.19500000e-06  5.80359778e-06 
 1.20500000e-06  5.07448963e-06 
 1.21500000e-06  4.50199957e-06 
 1.22500000e-06  4.01526588e-06 
 1.23500000e-06  3.62641603e-06 
 1.24500000e-06  3.28688277e-06 
 1.25500000e-06  3.01029018e-06 
 1.26500000e-06  2.76260089e-06 
 1.27500000e-06  2.55799263e-06 
 1.28500000e-06  2.37022692e-06 
 1.29500000e-06  2.21417047e-06 
 1.30500000e-06  2.06732204e-06 
 1.31500000e-06  1.94546212e-06 
 1.32500000e-06  1.82768473e-06 
 1.33500000e-06  1.73076535e-06 
 1.34500000e-06  1.63433442e-06 
 1.35500000e-06  1.55610796e-06 
 1.36500000e-06  1.47578063e-06 
 1.37500000e-06  1.41187039e-06 
 1.38500000e-06  1.34396382e-06 
 1.39500000e-06  1.29121362e-06 
 1.40500000e-06  1.23306450e-06 
 1.41500000e-06  1.18914601e-06 
 1.42500000e-06  1.13878047e-06 
 1.43500000e-06  1.10194422e-06 
 1.44500000e-06  1.05786949e-06 
 1.45500000e-06  1.02678049e-06 
 1.46500000e-06  9.87847530e-07 
 1.47500000e-06  9.61473352e-07 
 1.48500000e-06  9.26785012e-07 
 1.49500000e-06  9.04316936e-07 
 1.50500000e-06  8.73163775e-07 
 1.51500000e-06  8.53961413e-07 
 1.52500000e-06  8.25776318e-07 
 1.53500000e-06  8.09327220e-07 
 1.54500000e-06  7.83652500e-07 
 1.55500000e-06  7.69542561e-07 
 1.56500000e-06  7.46005675e-07 
 1.57500000e-06  7.33897179e-07 
 1.58500000e-06  7.12192554e-07 
 1.59500000e-06  7.01807715e-07 
 1.60500000e-06  6.81682928e-07 
 1.61500000e-06  6.72791433e-07 
 1.62500000e-06  6.54036584e-07 
 1.63500000e-06  6.46446063e-07 
 1.64500000e-06  6.28885528e-07 
 1.65500000e-06  6.22434201e-07 
 1.66500000e-06  6.05920166e-07 
 1.67500000e-06  6.00471116e-07 
 1.68500000e-06  5.84878467e-07 
 1.69500000e-06  5.80315140e-07 
 1.70500000e-06  5.65537409e-07 
 1.71500000e-06  5.61760043e-07 
 1.72500000e-06  5.47706159e-07 
 1.73500000e-06  5.44628936e-07 
 1.74500000e-06  5.31220611e-07 
 1.75500000e-06  5.28769358e-07 
 1.76500000e-06  5.15938975e-07 
 1.77500000e-06  5.14049305e-07 
 1.78500000e-06  5.01738196e-07 
 1.79500000e-06  5.00353981e-07 
 1.80500000e-06  4.88511024e-07 
 1.81500000e-06  4.87583150e-07 
 1.82500000e-06  4.76163614e-07 
 1.83500000e-06  4.75648942e-07 
 1.84500000e-06  4.64613534e-07 
 1.85500000e-06  4.64474043e-07 
 1.86500000e-06  4.53788117e-07 
 1.87500000e-06  4.53990187e-07 
 1.88500000e-06  4.43623085e-07 
 1.89500000e-06  4.44136894e-07 
 1.90500000e-06  4.34061395e-07 
 1.91500000e-06  4.34860408e-07 
 1.92500000e-06  4.25052265e-07 
 1.93500000e-06  4.26112807e-07 
 1.94500000e-06  4.16550355e-07 
 1.95500000e-06  4.17851244e-07 
 1.96500000e-06  4.08515067e-07 
 1.97500000e-06  4.10037303e-07 
 1.98500000e-06  4.00909953e-07 
 1.99500000e-06  4.02636449e-07 
 2.00500000e-06  3.93702205e-07 
 2.01500000e-06  3.95617556e-07 
 2.02500000e-06  3.86862218e-07 
 2.03500000e-06  3.88952506e-07 
 2.04500000e-06  3.80363214e-07 
 2.05500000e-06  3.82615834e-07 
 2.06500000e-06  3.74180918e-07 
 2.07500000e-06  3.76584433e-07 
 2.08500000e-06  3.68293276e-07 
 2.09500000e-06  3.70837283e-07 
 2.10500000e-06  3.62680209e-07 
 2.11500000e-06  3.65355229e-07 
 2.12500000e-06  3.57323400e-07 
 2.13500000e-06  3.60120779e-07 
 2.14500000e-06  3.52206108e-07 
 2.15500000e-06  3.55117931e-07 
 2.16500000e-06  3.47313002e-07 
 2.17500000e-06  3.50332015e-07 
 2.18500000e-06  3.42630020e-07 
 2.19500000e-06  3.45749566e-07 
 2.20500000e-06  3.38144240e-07 
 2.21500000e-06  3.41358195e-07 
 2.22500000e-06  3.33843766e-07 
 2.23500000e-06  3.37146494e-07 
 2.24500000e-06  3.29717633e-07 
 2.25500000e-06  3.33103934e-07 
 2.26500000e-06  3.25755719e-07 
 2.27500000e-06  3.29220788e-07 
 2.28500000e-06  3.21948660e-07 
 2.29500000e-06  3.25488053e-07 
 2.30500000e-06  3.18287788e-07 
 2.31500000e-06  3.21897387e-07 
 2.32500000e-06  3.14765065e-07 
 2.33500000e-06  3.18441049e-07 
 2.34500000e-06  3.11373025e-07 
 2.35500000e-06  3.15111846e-07 
 2.36500000e-06  3.08104730e-07 
 2.37500000e-06  3.11903086e-07 
 2.38500000e-06  3.04953720e-07 
 2.39500000e-06  3.08808537e-07 
 2.40500000e-06  3.01913973e-07 
 2.41500000e-06  3.05822383e-07 
 2.42500000e-06  2.98979872e-07 
 2.43500000e-06  3.02939199e-07 
 2.44500000e-06  2.96146167e-07 
 2.45500000e-06  3.00153909e-07 
 2.46500000e-06  2.93407952e-07 
 2.47500000e-06  2.97461768e-07 
 2.48500000e-06  2.90760630e-07 
 2.49500000e-06  2.94858328e-07 
 2.50500000e-06  2.88199896e-07 
 2.51500000e-06  2.92339419e-07 
 2.52500000e-06  2.85721709e-07 
 2.53500000e-06  2.89901128e-07 
 2.54500000e-06  2.83322276e-07 
 2.55500000e-06  2.87539777e-07 
 2.56500000e-06  2.80998030e-07 
 2.57500000e-06  2.85251910e-07 
 2.58500000e-06  2.78745618e-07 
 2.59500000e-06  2.83034271e-07 
 2.60500000e-06  2.76561881e-07 
 2.61500000e-06  2.80883795e-07 
 2.62500000e-06  2.74443842e-07 
 2.63500000e-06  2.78797591e-07 
 2.64500000e-06  2.72388692e-07 
 2.65500000e-06  2.76772931e-07 
 2.66500000e-06  2.70393780e-07 
 2.67500000e-06  2.74807240e-07 
 2.68500000e-06  2.68456604e-07 
 2.69500000e-06  2.72898081e-07 
 2.70500000e-06  2.66574793e-07 
 2.71500000e-06  2.71043153e-07 
 2.72500000e-06  2.64746109e-07 
 2.73500000e-06  2.69240275e-07 
 2.74500000e-06  2.62968428e-07 
 2.75500000e-06  2.67487382e-07 
 2.76500000e-06  2.61239740e-07 
 2.77500000e-06  2.65782515e-07 
 2.78500000e-06  2.59558139e-07 
 2.79500000e-06  2.64123819e-07 
 2.80500000e-06  2.57921815e-07 
 2.81500000e-06  2.62509529e-07 
 2.82500000e-06  2.56329050e-07 
 2.83500000e-06  2.60937971e-07 
 2.84500000e-06  2.54778211e-07 
 2.85500000e-06  2.59407554e-07 
 2.86500000e-06  2.53267746e-07 
 2.87500000e-06  2.57916764e-07 
 2.88500000e-06  2.51796179e-07 
 2.89500000e-06  2.56464159e-07 
 2.90500000e-06  2.50362103e-07 
 2.91500000e-06  2.55048368e-07 
 2.92500000e-06  2.48964180e-07 
 2.93500000e-06  2.53668084e-07 
 2.94500000e-06  2.47601133e-07 
 2.95500000e-06  2.52322061e-07 
 2.96500000e-06  2.46271745e-07 
 2.97500000e-06  2.51009108e-07 
 2.98500000e-06  2.44974854e-07 
 2.99500000e-06  2.49728093e-07 
 3.00500000e-06  2.43709353e-07 
 3.01500000e-06  2.48477932e-07 
 3.02500000e-06  2.42474181e-07 
 3.03500000e-06  2.47257589e-07 
 3.04500000e-06  2.41268328e-07 
 3.05500000e-06  2.46066074e-07 
 3.06500000e-06  2.40090825e-07 
 3.07500000e-06  2.44902442e-07 
 3.08500000e-06  2.38940747e-07 
 3.09500000e-06  2.43765787e-07 
 3.10500000e-06  2.37817208e-07 
 3.11500000e-06  2.42655242e-07 
 3.12500000e-06  2.36719359e-07 
 3.13500000e-06  2.41569977e-07 
 3.14500000e-06  2.35646387e-07 
 3.15500000e-06  2.40509196e-07 
 3.16500000e-06  2.34597515e-07 
 3.17500000e-06  2.39472136e-07 
 3.18500000e-06  2.33571994e-07 
 3.19500000e-06  2.38458066e-07 
 3.20500000e-06  2.32569108e-07 
 3.21500000e-06  2.37466284e-07 
 3.22500000e-06  2.31588170e-07 
 3.23500000e-06  2.36496116e-07 
 3.24500000e-06  2.30628520e-07 
 3.25500000e-06  2.35546916e-07 
 3.26500000e-06  2.29689523e-07 
 3.27500000e-06  2.34618062e-07 
 3.28500000e-06  2.28770570e-07 
 3.29500000e-06  2.33708955e-07 
 3.30500000e-06  2.27871076e-07 
 3.31500000e-06  2.32819023e-07 
 3.32500000e-06  2.26990477e-07 
 3.33500000e-06  2.31947713e-07 
 3.34500000e-06  2.26128231e-07 
 3.35500000e-06  2.31094494e-07 
 3.36500000e-06  2.25283818e-07 
 3.37500000e-06  2.30258852e-07 
 3.38500000e-06  2.24456734e-07 
 3.39500000e-06  2.29440297e-07 
 3.40500000e-06  2.23646498e-07 
 3.41500000e-06  2.28638354e-07 
 3.42500000e-06  2.22852642e-07 
 3.43500000e-06  2.27852565e-07 
 3.44500000e-06  2.22074718e-07 
 3.45500000e-06  2.27082490e-07 
 3.46500000e-06  2.21312294e-07 
 3.47500000e-06  2.26327704e-07 
 3.48500000e-06  2.20564952e-07 
 3.49500000e-06  2.25587797e-07 
 3.50500000e-06  2.19832289e-07 
 3.51500000e-06  2.24862374e-07 
 3.52500000e-06  2.19113918e-07 
 3.53500000e-06  2.24151052e-07 
 3.54500000e-06  2.18409462e-07 
 3.55500000e-06  2.23453464e-07 
 3.56500000e-06  2.17718560e-07 
 3.57500000e-06  2.22769253e-07 
 3.58500000e-06  2.17040863e-07 
 3.59500000e-06  2.22098076e-07 
 3.60500000e-06  2.16376031e-07 
 3.61500000e-06  2.21439600e-07 
 3.62500000e-06  2.15723739e-07 
 3.63500000e-06  2.20793504e-07 
 3.64500000e-06  2.15083671e-07 
 3.65500000e-06  2.20159479e-07 
 3.66500000e-06  2.14455521e-07 
 3.67500000e-06  2.19537222e-07 
 3.68500000e-06  2.13838993e-07 
 3.69500000e-06  2.18926444e-07 
 3.70500000e-06  2.13233803e-07 
 3.71500000e-06  2.18326864e-07 
 3.72500000e-06  2.12639673e-07 
 3.73500000e-06  2.17738209e-07 
 3.74500000e-06  2.12056335e-07 
 3.75500000e-06  2.17160216e-07 
 3.76500000e-06  2.11483531e-07 
 3.77500000e-06  2.16592629e-07 
 3.78500000e-06  2.10921008e-07 
 3.79500000e-06  2.16035202e-07 
 3.80500000e-06  2.10368524e-07 
 3.81500000e-06  2.15487694e-07 
 3.82500000e-06  2.09825843e-07 
 3.83500000e-06  2.14949873e-07 
 3.84500000e-06  2.09292735e-07 
 3.85500000e-06  2.14421515e-07 
 3.86500000e-06  2.08768979e-07 
 3.87500000e-06  2.13902400e-07 
 3.88500000e-06  2.08254360e-07 
 3.89500000e-06  2.13392317e-07 
 3.90500000e-06  2.07748670e-07 
 3.91500000e-06  2.12891061e-07 
 3.92500000e-06  2.07251706e-07 
 3.93500000e-06  2.12398431e-07 
 3.94500000e-06  2.06763271e-07 
 3.95500000e-06  2.11914236e-07 
 3.96500000e-06  2.06283175e-07 
 3.97500000e-06  2.11438286e-07 
 3.98500000e-06  2.05811233e-07 
 3.99500000e-06  2.10970399e-07 
 4.00500000e-06  2.05347265e-07 
 4.01500000e-06  2.10510398e-07 
 4.02500000e-06  2.04891097e-07 
 4.03500000e-06  2.10058111e-07 
 4.04500000e-06  2.04442557e-07 
 4.05500000e-06  2.09613370e-07 
 4.06500000e-06  2.04001483e-07 
 4.07500000e-06  2.09176013e-07 
 4.08500000e-06  2.03567713e-07 
 4.09500000e-06  2.08745882e-07 
 4.10500000e-06  2.03141091e-07 
 4.11500000e-06  2.08322824e-07 
 4.12500000e-06  2.02721466e-07 
 4.13500000e-06  2.07906688e-07 
 4.14500000e-06  2.02308691e-07 
 4.15500000e-06  2.07497329e-07 
 4.16500000e-06  2.01902622e-07 
 4.17500000e-06  2.07094607e-07 
 4.18500000e-06  2.01503120e-07 
 4.19500000e-06  2.06698383e-07 
 4.20500000e-06  2.01110048e-07 
 4.21500000e-06  2.06308523e-07 
 4.22500000e-06  2.00723276e-07 
 4.23500000e-06  2.05924898e-07 
 4.24500000e-06  2.00342674e-07 
 4.25500000e-06  2.05547380e-07 
 4.26500000e-06  1.99968117e-07 
 4.27500000e-06  2.05175845e-07 
 4.28500000e-06  1.99599483e-07 
 4.29500000e-06  2.04810174e-07 
 4.30500000e-06  1.99236653e-07 
 4.31500000e-06  2.04450248e-07 
 4.32500000e-06  1.98879512e-07 
 4.33500000e-06  2.04095955e-07 
 4.34500000e-06  1.98527946e-07 
 4.35500000e-06  2.03747182e-07 
 4.36500000e-06  1.98181846e-07 
 4.37500000e-06  2.03403821e-07 
 4.38500000e-06  1.97841106e-07 
 4.39500000e-06  2.03065766e-07 
 4.40500000e-06  1.97505619e-07 
 4.41500000e-06  2.02732914e-07 
 4.42500000e-06  1.97175285e-07 
 4.43500000e-06  2.02405165e-07 
 4.44500000e-06  1.96850005e-07 
 4.45500000e-06  2.02082421e-07 
 4.46500000e-06  1.96529681e-07 
 4.47500000e-06  2.01764585e-07 
 4.48500000e-06  1.96214218e-07 
 4.49500000e-06  2.01451565e-07 
 4.50500000e-06  1.95903526e-07 
 4.51500000e-06  2.01143270e-07 
 4.52500000e-06  1.95597514e-07 
 4.53500000e-06  2.00839610e-07 
 4.54500000e-06  1.95296094e-07 
 4.55500000e-06  2.00540500e-07 
 4.56500000e-06  1.94999180e-07 
 4.57500000e-06  2.00245854e-07 
 4.58500000e-06  1.94706689e-07 
 4.59500000e-06  1.99955589e-07 
 4.60500000e-06  1.94418539e-07 
 4.61500000e-06  1.99669626e-07 
 4.62500000e-06  1.94134651e-07 
 4.63500000e-06  1.99387885e-07 
 4.64500000e-06  1.93854947e-07 
 4.65500000e-06  1.99110290e-07 
 4.66500000e-06  1.93579350e-07 
 4.67500000e-06  1.98836765e-07 
 4.68500000e-06  1.93307786e-07 
 4.69500000e-06  1.98567236e-07 
 4.70500000e-06  1.93040183e-07 
 4.71500000e-06  1.98301633e-07 
 4.72500000e-06  1.92776470e-07 
 4.73500000e-06  1.98039884e-07 
 4.74500000e-06  1.92516577e-07 
 4.75500000e-06  1.97781922e-07 
 4.76500000e-06  1.92260437e-07 
 4.77500000e-06  1.97527679e-07 
 4.78500000e-06  1.92007983e-07 
 4.79500000e-06  1.97277089e-07 
 4.80500000e-06  1.91759150e-07 
 4.81500000e-06  1.97030090e-07 
 4.82500000e-06  1.91513876e-07 
 4.83500000e-06  1.96786617e-07 
 4.84500000e-06  1.91272099e-07 
 4.85500000e-06  1.96546611e-07 
 4.86500000e-06  1.91033757e-07 
 4.87500000e-06  1.96310010e-07 
 4.88500000e-06  1.90798791e-07 
 4.89500000e-06  1.96076757e-07 
 4.90500000e-06  1.90567144e-07 
 4.91500000e-06  1.95846794e-07 
 4.92500000e-06  1.90338759e-07 
 4.93500000e-06  1.95620064e-07 
 4.94500000e-06  1.90113580e-07 
 4.95500000e-06  1.95396514e-07 
 4.96500000e-06  1.89891553e-07 
 4.97500000e-06  1.95176089e-07 
 4.98500000e-06  1.89672625e-07 
 4.99500000e-06  1.94958736e-07 
 5.00500000e-06  1.89456743e-07 
 5.01500000e-06  1.94744405e-07 
 5.02500000e-06  1.89243858e-07 
 5.03500000e-06  1.94533044e-07 
 5.04500000e-06  1.89033918e-07 
 5.05500000e-06  1.94324605e-07 
 5.06500000e-06  1.88826876e-07 
 5.07500000e-06  1.94119039e-07 
 5.08500000e-06  1.88622682e-07 
 5.09500000e-06  1.93916298e-07 
 5.10500000e-06  1.88421291e-07 
 5.11500000e-06  1.93716337e-07 
 5.12500000e-06  1.88222657e-07 
 5.13500000e-06  1.93519109e-07 
 5.14500000e-06  1.88026734e-07 
 5.15500000e-06  1.93324571e-07 
 5.16500000e-06  1.87833478e-07 
 5.17500000e-06  1.93132679e-07 
 5.18500000e-06  1.87642847e-07 
 5.19500000e-06  1.92943390e-07 
 5.20500000e-06  1.87454798e-07 
 5.21500000e-06  1.92756662e-07 
 5.22500000e-06  1.87269289e-07 
 5.23500000e-06  1.92572454e-07 
 5.24500000e-06  1.87086281e-07 
 5.25500000e-06  1.92390726e-07 
 5.26500000e-06  1.86905732e-07 
 5.27500000e-06  1.92211439e-07 
 5.28500000e-06  1.86727605e-07 
 5.29500000e-06  1.92034553e-07 
 5.30500000e-06  1.86551860e-07 
 5.31500000e-06  1.91860032e-07 
 5.32500000e-06  1.86378461e-07 
 5.33500000e-06  1.91687837e-07 
 5.34500000e-06  1.86207370e-07 
 5.35500000e-06  1.91517933e-07 
 5.36500000e-06  1.86038552e-07 
 5.37500000e-06  1.91350283e-07 
 5.38500000e-06  1.85871971e-07 
 5.39500000e-06  1.91184853e-07 
 5.40500000e-06  1.85707592e-07 
 5.41500000e-06  1.91021608e-07 
 5.42500000e-06  1.85545381e-07 
 5.43500000e-06  1.90860515e-07 
 5.44500000e-06  1.85385305e-07 
 5.45500000e-06  1.90701539e-07 
 5.46500000e-06  1.85227331e-07 
 5.47500000e-06  1.90544650e-07 
 5.48500000e-06  1.85071427e-07 
 5.49500000e-06  1.90389815e-07 
 5.50500000e-06  1.84917562e-07 
 5.51500000e-06  1.90237003e-07 
 5.52500000e-06  1.84765704e-07 
 5.53500000e-06  1.90086182e-07 
 5.54500000e-06  1.84615822e-07 
 5.55500000e-06  1.89937324e-07 
 5.56500000e-06  1.84467888e-07 
 5.57500000e-06  1.89790398e-07 
 5.58500000e-06  1.84321872e-07 
 5.59500000e-06  1.89645376e-07 
 5.60500000e-06  1.84177745e-07 
 5.61500000e-06  1.89502228e-07 
 5.62500000e-06  1.84035478e-07 
 5.63500000e-06  1.89360927e-07 
 5.64500000e-06  1.83895045e-07 
 5.65500000e-06  1.89221446e-07 
 5.66500000e-06  1.83756418e-07 
 5.67500000e-06  1.89083757e-07 
 5.68500000e-06  1.83619569e-07 
 5.69500000e-06  1.88947834e-07 
 5.70500000e-06  1.83484474e-07 
 5.71500000e-06  1.88813651e-07 
 5.72500000e-06  1.83351106e-07 
 5.73500000e-06  1.88681183e-07 
 5.74500000e-06  1.83219440e-07 
 5.75500000e-06  1.88550404e-07 
 5.76500000e-06  1.83089450e-07 
 5.77500000e-06  1.88421289e-07 
 5.78500000e-06  1.82961114e-07 
 5.79500000e-06  1.88293815e-07 
 5.80500000e-06  1.82834405e-07 
 5.81500000e-06  1.88167958e-07 
 5.82500000e-06  1.82709302e-07 
 5.83500000e-06  1.88043694e-07 
 5.84500000e-06  1.82585780e-07 
 5.85500000e-06  1.87921000e-07 
 5.86500000e-06  1.82463817e-07 
 5.87500000e-06  1.87799854e-07 
 5.88500000e-06  1.82343391e-07 
 5.89500000e-06  1.87680233e-07 
 5.90500000e-06  1.82224479e-07 
 5.91500000e-06  1.87562116e-07 
 5.92500000e-06  1.82107060e-07 
 5.93500000e-06  1.87445482e-07 
 5.94500000e-06  1.81991113e-07 
 5.95500000e-06  1.87330308e-07 
 5.96500000e-06  1.81876617e-07 
 5.97500000e-06  1.87216575e-07 
 5.98500000e-06  1.81763551e-07 
 5.99500000e-06  1.87104262e-07 
 6.00500000e-06  1.81651895e-07 
 6.01500000e-06  1.86993349e-07 
 6.02500000e-06  1.81541629e-07 
 6.03500000e-06  1.86883817e-07 
 6.04500000e-06  1.81432734e-07 
 6.05500000e-06  1.86775645e-07 
 6.06500000e-06  1.81325190e-07 
 6.07500000e-06  1.86668816e-07 
 6.08500000e-06  1.81218979e-07 
 6.09500000e-06  1.86563310e-07 
 6.10500000e-06  1.81114082e-07 
 6.11500000e-06  1.86459108e-07 
 6.12500000e-06  1.81010481e-07 
 6.13500000e-06  1.86356194e-07 
 6.14500000e-06  1.80908158e-07 
 6.15500000e-06  1.86254548e-07 
 6.16500000e-06  1.80807094e-07 
 6.17500000e-06  1.86154154e-07 
 6.18500000e-06  1.80707274e-07 
 6.19500000e-06  1.86054994e-07 
 6.20500000e-06  1.80608679e-07 
 6.21500000e-06  1.85957051e-07 
 6.22500000e-06  1.80511293e-07 
 6.23500000e-06  1.85860309e-07 
 6.24500000e-06  1.80415099e-07 
 6.25500000e-06  1.85764751e-07 
 6.26500000e-06  1.80320081e-07 
 6.27500000e-06  1.85670360e-07 
 6.28500000e-06  1.80226224e-07 
 6.29500000e-06  1.85577122e-07 
 6.30500000e-06  1.80133510e-07 
 6.31500000e-06  1.85485021e-07 
 6.32500000e-06  1.80041926e-07 
 6.33500000e-06  1.85394040e-07 
 6.34500000e-06  1.79951454e-07 
 6.35500000e-06  1.85304165e-07 
 6.36500000e-06  1.79862081e-07 
 6.37500000e-06  1.85215382e-07 
 6.38500000e-06  1.79773792e-07 
 6.39500000e-06  1.85127675e-07 
 6.40500000e-06  1.79686572e-07 
 6.41500000e-06  1.85041029e-07 
 6.42500000e-06  1.79600407e-07 
 6.43500000e-06  1.84955431e-07 
 6.44500000e-06  1.79515282e-07 
 6.45500000e-06  1.84870867e-07 
 6.46500000e-06  1.79431184e-07 
 6.47500000e-06  1.84787323e-07 
 6.48500000e-06  1.79348100e-07 
 6.49500000e-06  1.84704785e-07 
 6.50500000e-06  1.79266015e-07 
 6.51500000e-06  1.84623241e-07 
 6.52500000e-06  1.79184916e-07 
 6.53500000e-06  1.84542676e-07 
 6.54500000e-06  1.79104791e-07 
 6.55500000e-06  1.84463078e-07 
 6.56500000e-06  1.79025626e-07 
 6.57500000e-06  1.84384434e-07 
 6.58500000e-06  1.78947409e-07 
 6.59500000e-06  1.84306731e-07 
 6.60500000e-06  1.78870127e-07 
 6.61500000e-06  1.84229958e-07 
 6.62500000e-06  1.78793768e-07 
 6.63500000e-06  1.84154102e-07 
 6.64500000e-06  1.78718321e-07 
 6.65500000e-06  1.84079151e-07 
 6.66500000e-06  1.78643773e-07 
 6.67500000e-06  1.84005093e-07 
 6.68500000e-06  1.78570112e-07 
 6.69500000e-06  1.83931917e-07 
 6.70500000e-06  1.78497326e-07 
 6.71500000e-06  1.83859611e-07 
 6.72500000e-06  1.78425406e-07 
 6.73500000e-06  1.83788164e-07 
 6.74500000e-06  1.78354338e-07 
 6.75500000e-06  1.83717565e-07 
 6.76500000e-06  1.78284113e-07 
 6.77500000e-06  1.83647802e-07 
 6.78500000e-06  1.78214719e-07 
 6.79500000e-06  1.83578865e-07 
 6.80500000e-06  1.78146146e-07 
 6.81500000e-06  1.83510744e-07 
 6.82500000e-06  1.78078383e-07 
 6.83500000e-06  1.83443427e-07 
 6.84500000e-06  1.78011420e-07 
 6.85500000e-06  1.83376905e-07 
 6.86500000e-06  1.77945246e-07 
 6.87500000e-06  1.83311167e-07 
 6.88500000e-06  1.77879851e-07 
 6.89500000e-06  1.83246204e-07 
 6.90500000e-06  1.77815226e-07 
 6.91500000e-06  1.83182005e-07 
 6.92500000e-06  1.77751360e-07 
 6.93500000e-06  1.83118561e-07 
 6.94500000e-06  1.77688244e-07 
 6.95500000e-06  1.83055862e-07 
 6.96500000e-06  1.77625868e-07 
 6.97500000e-06  1.82993898e-07 
 6.98500000e-06  1.77564224e-07 
 6.99500000e-06  1.82932661e-07 
 7.00500000e-06  1.77503301e-07 
 7.01500000e-06  1.82872141e-07 
 7.02500000e-06  1.77443091e-07 
 7.03500000e-06  1.82812329e-07 
 7.04500000e-06  1.77383584e-07 
 7.05500000e-06  1.82753216e-07 
 7.06500000e-06  1.77324772e-07 
 7.07500000e-06  1.82694793e-07 
 7.08500000e-06  1.77266646e-07 
 7.09500000e-06  1.82637053e-07 
 7.10500000e-06  1.77209197e-07 
 7.11500000e-06  1.82579985e-07 
 7.12500000e-06  1.77152418e-07 
 7.13500000e-06  1.82523582e-07 
 7.14500000e-06  1.77096298e-07 
 7.15500000e-06  1.82467835e-07 
 7.16500000e-06  1.77040831e-07 
 7.17500000e-06  1.82412736e-07 
 7.18500000e-06  1.76986009e-07 
 7.19500000e-06  1.82358278e-07 
 7.20500000e-06  1.76931822e-07 
 7.21500000e-06  1.82304452e-07 
 7.22500000e-06  1.76878263e-07 
 7.23500000e-06  1.82251250e-07 
 7.24500000e-06  1.76825325e-07 
 7.25500000e-06  1.82198664e-07 
 7.26500000e-06  1.76772999e-07 
 7.27500000e-06  1.82146687e-07 
 7.28500000e-06  1.76721279e-07 
 7.29500000e-06  1.82095312e-07 
 7.30500000e-06  1.76670156e-07 
 7.31500000e-06  1.82044530e-07 
 7.32500000e-06  1.76619623e-07 
 7.33500000e-06  1.81994335e-07 
 7.34500000e-06  1.76569674e-07 
 7.35500000e-06  1.81944720e-07 
 7.36500000e-06  1.76520300e-07 
 7.37500000e-06  1.81895676e-07 
 7.38500000e-06  1.76471494e-07 
 7.39500000e-06  1.81847198e-07 
 7.40500000e-06  1.76423251e-07 
 7.41500000e-06  1.81799278e-07 
 7.42500000e-06  1.76375562e-07 
 7.43500000e-06  1.81751910e-07 
 7.44500000e-06  1.76328421e-07 
 7.45500000e-06  1.81705086e-07 
 7.46500000e-06  1.76281822e-07 
 7.47500000e-06  1.81658800e-07 
 7.48500000e-06  1.76235757e-07 
 7.49500000e-06  1.81613045e-07 
 7.50500000e-06  1.76190221e-07 
 7.51500000e-06  1.81567816e-07 
 7.52500000e-06  1.76145206e-07 
 7.53500000e-06  1.81523105e-07 
 7.54500000e-06  1.76100707e-07 
 7.55500000e-06  1.81478906e-07 
 7.56500000e-06  1.76056717e-07 
 7.57500000e-06  1.81435213e-07 
 7.58500000e-06  1.76013229e-07 
 7.59500000e-06  1.81392021e-07 
 7.60500000e-06  1.75970239e-07 
 7.61500000e-06  1.81349322e-07 
 7.62500000e-06  1.75927739e-07 
 7.63500000e-06  1.81307111e-07 
 7.64500000e-06  1.75885725e-07 
 7.65500000e-06  1.81265382e-07 
 7.66500000e-06  1.75844189e-07 
 7.67500000e-06  1.81224129e-07 
 7.68500000e-06  1.75803127e-07 
 7.69500000e-06  1.81183346e-07 
 7.70500000e-06  1.75762533e-07 
 7.71500000e-06  1.81143029e-07 
 7.72500000e-06  1.75722400e-07 
 7.73500000e-06  1.81103170e-07 
 7.74500000e-06  1.75682724e-07 
 7.75500000e-06  1.81063766e-07 
 7.76500000e-06  1.75643498e-07 
 7.77500000e-06  1.81024809e-07 
 7.78500000e-06  1.75604719e-07 
 7.79500000e-06  1.80986295e-07 
 7.80500000e-06  1.75566379e-07 
 7.81500000e-06  1.80948219e-07 
 7.82500000e-06  1.75528475e-07 
 7.83500000e-06  1.80910575e-07 
 7.84500000e-06  1.75491000e-07 
 7.85500000e-06  1.80873359e-07 
 7.86500000e-06  1.75453950e-07 
 7.87500000e-06  1.80836564e-07 
 7.88500000e-06  1.75417319e-07 
 7.89500000e-06  1.80800187e-07 
 7.90500000e-06  1.75381103e-07 
 7.91500000e-06  1.80764221e-07 
 7.92500000e-06  1.75345296e-07 
 7.93500000e-06  1.80728663e-07 
 7.94500000e-06  1.75309894e-07 
 7.95500000e-06  1.80693507e-07 
 7.96500000e-06  1.75274893e-07 
 7.97500000e-06  1.80658749e-07 
 7.98500000e-06  1.75240286e-07 
 7.99500000e-06  1.80624383e-07 
 8.00500000e-06  1.75206070e-07 
 8.01500000e-06  1.80590406e-07 
 8.02500000e-06  1.75172240e-07 
 8.03500000e-06  1.80556812e-07 
 8.04500000e-06  1.75138791e-07 
 8.05500000e-06  1.80523598e-07 
 8.06500000e-06  1.75105719e-07 
 8.07500000e-06  1.80490758e-07 
 8.08500000e-06  1.75073020e-07 
 8.09500000e-06  1.80458288e-07 
 8.10500000e-06  1.75040688e-07 
 8.11500000e-06  1.80426184e-07 
 8.12500000e-06  1.75008720e-07 
 8.13500000e-06  1.80394442e-07 
 8.14500000e-06  1.74977112e-07 
 8.15500000e-06  1.80363056e-07 
 8.16500000e-06  1.74945859e-07 
 8.17500000e-06  1.80332024e-07 
 8.18500000e-06  1.74914956e-07 
 8.19500000e-06  1.80301341e-07 
 8.20500000e-06  1.74884401e-07 
 8.21500000e-06  1.80271003e-07 
 8.22500000e-06  1.74854188e-07 
 8.23500000e-06  1.80241006e-07 
 8.24500000e-06  1.74824315e-07 
 8.25500000e-06  1.80211345e-07 
 8.26500000e-06  1.74794776e-07 
 8.27500000e-06  1.80182017e-07 
 8.28500000e-06  1.74765568e-07 
 8.29500000e-06  1.80153019e-07 
 8.30500000e-06  1.74736687e-07 
 8.31500000e-06  1.80124345e-07 
 8.32500000e-06  1.74708129e-07 
 8.33500000e-06  1.80095993e-07 
 8.34500000e-06  1.74679891e-07 
 8.35500000e-06  1.80067958e-07 
 8.36500000e-06  1.74651969e-07 
 8.37500000e-06  1.80040238e-07 
 8.38500000e-06  1.74624359e-07 
 8.39500000e-06  1.80012827e-07 
 8.40500000e-06  1.74597057e-07 
 8.41500000e-06  1.79985724e-07 
 8.42500000e-06  1.74570060e-07 
 8.43500000e-06  1.79958923e-07 
 8.44500000e-06  1.74543365e-07 
 8.45500000e-06  1.79932422e-07 
 8.46500000e-06  1.74516967e-07 
 8.47500000e-06  1.79906217e-07 
 8.48500000e-06  1.74490864e-07 
 8.49500000e-06  1.79880305e-07 
 8.50500000e-06  1.74465051e-07 
 8.51500000e-06  1.79854682e-07 
 8.52500000e-06  1.74439527e-07 
 8.53500000e-06  1.79829345e-07 
 8.54500000e-06  1.74414286e-07 
 8.55500000e-06  1.79804291e-07 
 8.56500000e-06  1.74389327e-07 
 8.57500000e-06  1.79779516e-07 
 8.58500000e-06  1.74364645e-07 
 8.59500000e-06  1.79755017e-07 
 8.60500000e-06  1.74340238e-07 
 8.61500000e-06  1.79730791e-07 
 8.62500000e-06  1.74316103e-07 
 8.63500000e-06  1.79706835e-07 
 8.64500000e-06  1.74292235e-07 
 8.65500000e-06  1.79683146e-07 
 8.66500000e-06  1.74268633e-07 
 8.67500000e-06  1.79659721e-07 
 8.68500000e-06  1.74245293e-07 
 8.69500000e-06  1.79636556e-07 
 8.70500000e-06  1.74222212e-07 
 8.71500000e-06  1.79613648e-07 
 8.72500000e-06  1.74199387e-07 
 8.73500000e-06  1.79590996e-07 
 8.74500000e-06  1.74176816e-07 
 8.75500000e-06  1.79568595e-07 
 8.76500000e-06  1.74154495e-07 
 8.77500000e-06  1.79546443e-07 
 8.78500000e-06  1.74132421e-07 
 8.79500000e-06  1.79524537e-07 
 8.80500000e-06  1.74110592e-07 
 8.81500000e-06  1.79502874e-07 
 8.82500000e-06  1.74089004e-07 
 8.83500000e-06  1.79481452e-07 
 8.84500000e-06  1.74067656e-07 
 8.85500000e-06  1.79460267e-07 
 8.86500000e-06  1.74046544e-07 
 8.87500000e-06  1.79439317e-07 
 8.88500000e-06  1.74025666e-07 
 8.89500000e-06  1.79418600e-07 
 8.90500000e-06  1.74005018e-07 
 8.91500000e-06  1.79398112e-07 
 8.92500000e-06  1.73984599e-07 
 8.93500000e-06  1.79377851e-07 
 8.94500000e-06  1.73964406e-07 
 8.95500000e-06  1.79357815e-07 
 8.96500000e-06  1.73944436e-07 
 8.97500000e-06  1.79338000e-07 
 8.98500000e-06  1.73924686e-07 
 8.99500000e-06  1.79318405e-07 
 9.00500000e-06  1.73905154e-07 
 9.01500000e-06  1.79299027e-07 
 9.02500000e-06  1.73885838e-07 
 9.03500000e-06  1.79279863e-07 
 9.04500000e-06  1.73866736e-07 
 9.05500000e-06  1.79260911e-07 
 9.06500000e-06  1.73847844e-07 
 9.07500000e-06  1.79242169e-07 
 9.08500000e-06  1.73829160e-07 
 9.09500000e-06  1.79223633e-07 
 9.10500000e-06  1.73810682e-07 
 9.11500000e-06  1.79205303e-07 
 9.12500000e-06  1.73792408e-07 
 9.13500000e-06  1.79187175e-07 
 9.14500000e-06  1.73774335e-07 
 9.15500000e-06  1.79169247e-07 
 9.16500000e-06  1.73756462e-07 
 9.17500000e-06  1.79151517e-07 
 9.18500000e-06  1.73738785e-07 
 9.19500000e-06  1.79133983e-07 
 9.20500000e-06  1.73721303e-07 
 9.21500000e-06  1.79116642e-07 
 9.22500000e-06  1.73704013e-07 
 9.23500000e-06  1.79099493e-07 
 9.24500000e-06  1.73686913e-07 
 9.25500000e-06  1.79082533e-07 
 9.26500000e-06  1.73670002e-07 
 9.27500000e-06  1.79065759e-07 
 9.28500000e-06  1.73653276e-07 
 9.29500000e-06  1.79049171e-07 
 9.30500000e-06  1.73636734e-07 
 9.31500000e-06  1.79032765e-07 
 9.32500000e-06  1.73620374e-07 
 9.33500000e-06  1.79016541e-07 
 9.34500000e-06  1.73604194e-07 
 9.35500000e-06  1.79000495e-07 
 9.36500000e-06  1.73588191e-07 
 9.37500000e-06  1.78984625e-07 
 9.38500000e-06  1.73572364e-07 
 9.39500000e-06  1.78968930e-07 
 9.40500000e-06  1.73556711e-07 
 9.41500000e-06  1.78953408e-07 
 9.42500000e-06  1.73541230e-07 
 9.43500000e-06  1.78938057e-07 
 9.44500000e-06  1.73525918e-07 
 9.45500000e-06  1.78922875e-07 
 9.46500000e-06  1.73510775e-07 
 9.47500000e-06  1.78907860e-07 
 9.48500000e-06  1.73495797e-07 
 9.49500000e-06  1.78893009e-07 
 9.50500000e-06  1.73480984e-07 
 9.51500000e-06  1.78878323e-07 
 9.52500000e-06  1.73466333e-07 
 9.53500000e-06  1.78863797e-07 
 9.54500000e-06  1.73451842e-07 
 9.55500000e-06  1.78849431e-07 
 9.56500000e-06  1.73437510e-07 
 9.57500000e-06  1.78835223e-07 
 9.58500000e-06  1.73423335e-07 
 9.59500000e-06  1.78821171e-07 
 9.60500000e-06  1.73409316e-07 
 9.61500000e-06  1.78807273e-07 
 9.62500000e-06  1.73395450e-07 
 9.63500000e-06  1.78793528e-07 
 9.64500000e-06  1.73381735e-07 
 9.65500000e-06  1.78779934e-07 
 9.66500000e-06  1.73368171e-07 
 9.67500000e-06  1.78766489e-07 
 9.68500000e-06  1.73354754e-07 
 9.69500000e-06  1.78753191e-07 
 9.70500000e-06  1.73341485e-07 
 9.71500000e-06  1.78740040e-07 
 9.72500000e-06  1.73328361e-07 
 9.73500000e-06  1.78727032e-07 
 9.74500000e-06  1.73315380e-07 
 9.75500000e-06  1.78714168e-07 
 9.76500000e-06  1.73302541e-07 
 9.77500000e-06  1.78701444e-07 
 9.78500000e-06  1.73289842e-07 
 9.79500000e-06  1.78688860e-07 
 9.80500000e-06  1.73277282e-07 
 9.81500000e-06  1.78676413e-07 
 9.82500000e-06  1.73264859e-07 
 9.83500000e-06  1.78664104e-07 
 9.84500000e-06  1.73252571e-07 
 9.85500000e-06  1.78651928e-07 
 9.86500000e-06  1.73240418e-07 
 9.87500000e-06  1.78639887e-07 
 9.88500000e-06  1.73228398e-07 
 9.89500000e-06  1.78627977e-07 
 9.90500000e-06  1.73216508e-07 
 9.91500000e-06  1.78616198e-07 
 9.92500000e-06  1.73204748e-07 
 9.93500000e-06  1.78604547e-07 
 9.94500000e-06  1.73193117e-07 
 9.95500000e-06  1.78593024e-07 
 9.96500000e-06  1.73181612e-07 
 9.97500000e-06  1.78581627e-07 
 9.98500000e-06  1.73170233e-07 
 9.99500000e-06  1.78570355e-07 
 1.00050000e-05  1.73158978e-07 
 1.00150000e-05  1.78559206e-07 
 1.00250000e-05  1.73147845e-07 
 1.00350000e-05  1.78548180e-07 
 1.00450000e-05  1.73136834e-07 
 1.00550000e-05  1.78537273e-07 
 1.00650000e-05  1.73125942e-07 
 1.00750000e-05  1.78526486e-07 
 1.00850000e-05  1.73115169e-07 
 1.00950000e-05  1.78515817e-07 
 1.01050000e-05  1.73104514e-07 
 1.01150000e-05  1.78505265e-07 
 1.01250000e-05  1.73093974e-07 
 1.01350000e-05  1.78494828e-07 
 1.01450000e-05  1.73083549e-07 
 1.01550000e-05  1.78484505e-07 
 1.01650000e-05  1.73073238e-07 
 1.01750000e-05  1.78474295e-07 
 1.01850000e-05  1.73063039e-07 
 1.01950000e-05  1.78464196e-07 
 1.02050000e-05  1.73052950e-07 
 1.02150000e-05  1.78454208e-07 
 1.02250000e-05  1.73042972e-07 
 1.02350000e-05  1.78444329e-07 
 1.02450000e-05  1.73033102e-07 
 1.02550000e-05  1.78434557e-07 
 1.02650000e-05  1.73023339e-07 
 1.02750000e-05  1.78424893e-07 
 1.02850000e-05  1.73013682e-07 
 1.02950000e-05  1.78415333e-07 
 1.03050000e-05  1.73004130e-07 
 1.03150000e-05  1.78405879e-07 
 1.03250000e-05  1.72994682e-07 
 1.03350000e-05  1.78396527e-07 
 1.03450000e-05  1.72985337e-07 
 1.03550000e-05  1.78387278e-07 
 1.03650000e-05  1.72976093e-07 
 1.03750000e-05  1.78378129e-07 
 1.03850000e-05  1.72966950e-07 
 1.03950000e-05  1.78369080e-07 
 1.04050000e-05  1.72957905e-07 
 1.04150000e-05  1.78360130e-07 
 1.04250000e-05  1.72948959e-07 
 1.04350000e-05  1.78351278e-07 
 1.04450000e-05  1.72940110e-07 
 1.04550000e-05  1.78342522e-07 
 1.04650000e-05  1.72931357e-07 
 1.04750000e-05  1.78333862e-07 
 1.04850000e-05  1.72922699e-07 
 1.04950000e-05  1.78325296e-07 
 1.05050000e-05  1.72914135e-07 
 1.05150000e-05  1.78316823e-07 
 1.05250000e-05  1.72905664e-07 
 1.05350000e-05  1.78308443e-07 
 1.05450000e-05  1.72897285e-07 
 1.05550000e-05  1.78300154e-07 
 1.05650000e-05  1.72888996e-07 
 1.05750000e-05  1.78291956e-07 
 1.05850000e-05  1.72880798e-07 
 1.05950000e-05  1.78283846e-07 
 1.06050000e-05  1.72872688e-07 
 1.06150000e-05  1.78275826e-07 
 1.06250000e-05  1.72864666e-07 
 1.06350000e-05  1.78267892e-07 
 1.06450000e-05  1.72856731e-07 
 1.06550000e-05  1.78260045e-07 
 1.06650000e-05  1.72848882e-07 
 1.06750000e-05  1.78252284e-07 
 1.06850000e-05  1.72841118e-07 
 1.06950000e-05  1.78244607e-07 
 1.07050000e-05  1.72833438e-07 
 1.07150000e-05  1.78237014e-07 
 1.07250000e-05  1.72825841e-07 
 1.07350000e-05  1.78229503e-07 
 1.07450000e-05  1.72818327e-07 
 1.07550000e-05  1.78222074e-07 
 1.07650000e-05  1.72810894e-07 
 1.07750000e-05  1.78214726e-07 
 1.07850000e-05  1.72803541e-07 
 1.07950000e-05  1.78207459e-07 
 1.08050000e-05  1.72796268e-07 
 1.08150000e-05  1.78200270e-07 
 1.08250000e-05  1.72789073e-07 
 1.08350000e-05  1.78193159e-07 
 1.08450000e-05  1.72781956e-07 
 1.08550000e-05  1.78186126e-07 
 1.08650000e-05  1.72774917e-07 
 1.08750000e-05  1.78179169e-07 
 1.08850000e-05  1.72767953e-07 
 1.08950000e-05  1.78172289e-07 
 1.09050000e-05  1.72761065e-07 
 1.09150000e-05  1.78165483e-07 
 1.09250000e-05  1.72754251e-07 
 1.09350000e-05  1.78158751e-07 
 1.09450000e-05  1.72747511e-07 
 1.09550000e-05  1.78152092e-07 
 1.09650000e-05  1.72740844e-07 
 1.09750000e-05  1.78145506e-07 
 1.09850000e-05  1.72734249e-07 
 1.09950000e-05  1.78138991e-07 
 1.10050000e-05  1.72727725e-07 
 1.10150000e-05  1.78132547e-07 
 1.10250000e-05  1.72721271e-07 
 1.10350000e-05  1.78126174e-07 
 1.10450000e-05  1.72714887e-07 
 1.10550000e-05  1.78119870e-07 
 1.10650000e-05  1.72708573e-07 
 1.10750000e-05  1.78113634e-07 
 1.10850000e-05  1.72702326e-07 
 1.10950000e-05  1.78107466e-07 
 1.11050000e-05  1.72696147e-07 
 1.11150000e-05  1.78101365e-07 
 1.11250000e-05  1.72690034e-07 
 1.11350000e-05  1.78095330e-07 
 1.11450000e-05  1.72683988e-07 
 1.11550000e-05  1.78089362e-07 
 1.11650000e-05  1.72678006e-07 
 1.11750000e-05  1.78083458e-07 
 1.11850000e-05  1.72672090e-07 
 1.11950000e-05  1.78077618e-07 
 1.12050000e-05  1.72666237e-07 
 1.12150000e-05  1.78071842e-07 
 1.12250000e-05  1.72660447e-07 
 1.12350000e-05  1.78066128e-07 
 1.12450000e-05  1.72654720e-07 
 1.12550000e-05  1.78060477e-07 
 1.12650000e-05  1.72649054e-07 
 1.12750000e-05  1.78054887e-07 
 1.12850000e-05  1.72643450e-07 
 1.12950000e-05  1.78049357e-07 
 1.13050000e-05  1.72637906e-07 
 1.13150000e-05  1.78043888e-07 
 1.13250000e-05  1.72632422e-07 
 1.13350000e-05  1.78038479e-07 
 1.13450000e-05  1.72626997e-07 
 1.13550000e-05  1.78033128e-07 
 1.13650000e-05  1.72621630e-07 
 1.13750000e-05  1.78027835e-07 
 1.13850000e-05  1.72616321e-07 
 1.13950000e-05  1.78022600e-07 
 1.14050000e-05  1.72611070e-07 
 1.14150000e-05  1.78017421e-07 
 1.14250000e-05  1.72605875e-07 
 1.14350000e-05  1.78012299e-07 
 1.14450000e-05  1.72600736e-07 
 1.14550000e-05  1.78007233e-07 
 1.14650000e-05  1.72595652e-07 
 1.14750000e-05  1.78002221e-07 
 1.14850000e-05  1.72590623e-07 
 1.14950000e-05  1.77997264e-07 
 1.15050000e-05  1.72585648e-07 
 1.15150000e-05  1.77992361e-07 
 1.15250000e-05  1.72580727e-07 
 1.15350000e-05  1.77987512e-07 
 1.15450000e-05  1.72575859e-07 
 1.15550000e-05  1.77982714e-07 
 1.15650000e-05  1.72571043e-07 
 1.15750000e-05  1.77977969e-07 
 1.15850000e-05  1.72566279e-07 
 1.15950000e-05  1.77973276e-07 
 1.16050000e-05  1.72561566e-07 
 1.16150000e-05  1.77968634e-07 
 1.16250000e-05  1.72556904e-07 
 1.16350000e-05  1.77964041e-07 
 1.16450000e-05  1.72552292e-07 
 1.16550000e-05  1.77959499e-07 
 1.16650000e-05  1.72547730e-07 
 1.16750000e-05  1.77955006e-07 
 1.16850000e-05  1.72543217e-07 
 1.16950000e-05  1.77950562e-07 
 1.17050000e-05  1.72538752e-07 
 1.17150000e-05  1.77946167e-07 
 1.17250000e-05  1.72534335e-07 
 1.17350000e-05  1.77941819e-07 
 1.17450000e-05  1.72529966e-07 
 1.17550000e-05  1.77937518e-07 
 1.17650000e-05  1.72525644e-07 
 1.17750000e-05  1.77933264e-07 
 1.17850000e-05  1.72521368e-07 
 1.17950000e-05  1.77929056e-07 
 1.18050000e-05  1.72517138e-07 
 1.18150000e-05  1.77924894e-07 
 1.18250000e-05  1.72512954e-07 
 1.18350000e-05  1.77920777e-07 
 1.18450000e-05  1.72508815e-07 
 1.18550000e-05  1.77916704e-07 
 1.18650000e-05  1.72504720e-07 
 1.18750000e-05  1.77912676e-07 
 1.18850000e-05  1.72500669e-07 
 1.18950000e-05  1.77908692e-07 
 1.19050000e-05  1.72496661e-07 
 1.19150000e-05  1.77904751e-07 
 1.19250000e-05  1.72492697e-07 
 1.19350000e-05  1.77900853e-07 
 1.19450000e-05  1.72488775e-07 
 1.19550000e-05  1.77896997e-07 
 1.19650000e-05  1.72484895e-07 
 1.19750000e-05  1.77893183e-07 
 1.19850000e-05  1.72481057e-07 
 1.19950000e-05  1.77889410e-07 
 1.20050000e-05  1.72477260e-07 
 1.20150000e-05  1.77885679e-07 
 1.20250000e-05  1.72473504e-07 
 1.20350000e-05  1.77881987e-07 
 1.20450000e-05  1.72469788e-07 
 1.20550000e-05  1.77878336e-07 
 1.20650000e-05  1.72466112e-07 
 1.20750000e-05  1.77874725e-07 
 1.20850000e-05  1.72462476e-07 
 1.20950000e-05  1.77871153e-07 
 1.21050000e-05  1.72458878e-07 
 1.21150000e-05  1.77867620e-07 
 1.21250000e-05  1.72455319e-07 
 1.21350000e-05  1.77864125e-07 
 1.21450000e-05  1.72451799e-07 
 1.21550000e-05  1.77860668e-07 
 1.21650000e-05  1.72448316e-07 
 1.21750000e-05  1.77857248e-07 
 1.21850000e-05  1.72444870e-07 
 1.21950000e-05  1.77853866e-07 
 1.22050000e-05  1.72441461e-07 
 1.22150000e-05  1.77850520e-07 
 1.22250000e-05  1.72438089e-07 
 1.22350000e-05  1.77847211e-07 
 1.22450000e-05  1.72434753e-07 
 1.22550000e-05  1.77843938e-07 
 1.22650000e-05  1.72431453e-07 
 1.22750000e-05  1.77840700e-07 
 1.22850000e-05  1.72428188e-07 
 1.22950000e-05  1.77837497e-07 
 1.23050000e-05  1.72424958e-07 
 1.23150000e-05  1.77834329e-07 
 1.23250000e-05  1.72421763e-07 
 1.23350000e-05  1.77831196e-07 
 1.23450000e-05  1.72418601e-07 
 1.23550000e-05  1.77828097e-07 
 1.23650000e-05  1.72415474e-07 
 1.23750000e-05  1.77825031e-07 
 1.23850000e-05  1.72412380e-07 
 1.23950000e-05  1.77821998e-07 
 1.24050000e-05  1.72409320e-07 
 1.24150000e-05  1.77818999e-07 
 1.24250000e-05  1.72406292e-07 
 1.24350000e-05  1.77816032e-07 
 1.24450000e-05  1.72403296e-07 
 1.24550000e-05  1.77813097e-07 
 1.24650000e-05  1.72400333e-07 
 1.24750000e-05  1.77810195e-07 
 1.24850000e-05  1.72397401e-07 
 1.24950000e-05  1.77807323e-07 
 1.25050000e-05  1.72394501e-07 
 1.25150000e-05  1.77804483e-07 
 1.25250000e-05  1.72391631e-07 
 1.25350000e-05  1.77801674e-07 
 1.25450000e-05  1.72388793e-07 
 1.25550000e-05  1.77798896e-07 
 1.25650000e-05  1.72385984e-07 
 1.25750000e-05  1.77796147e-07 
 1.25850000e-05  1.72383206e-07 
 1.25950000e-05  1.77793428e-07 
 1.26050000e-05  1.72380458e-07 
 1.26150000e-05  1.77790739e-07 
 1.26250000e-05  1.72377738e-07 
 1.26350000e-05  1.77788080e-07 
 1.26450000e-05  1.72375048e-07 
 1.26550000e-05  1.77785449e-07 
 1.26650000e-05  1.72372387e-07 
 1.26750000e-05  1.77782846e-07 
 1.26850000e-05  1.72369754e-07 
 1.26950000e-05  1.77780272e-07 
 1.27050000e-05  1.72367149e-07 
 1.27150000e-05  1.77777726e-07 
 1.27250000e-05  1.72364572e-07 
 1.27350000e-05  1.77775208e-07 
 1.27450000e-05  1.72362023e-07 
 1.27550000e-05  1.77772717e-07 
 1.27650000e-05  1.72359501e-07 
 1.27750000e-05  1.77770253e-07 
 1.27850000e-05  1.72357006e-07 
 1.27950000e-05  1.77767816e-07 
 1.28050000e-05  1.72354537e-07 
 1.28150000e-05  1.77765405e-07 
 1.28250000e-05  1.72352095e-07 
 1.28350000e-05  1.77763021e-07 
 1.28450000e-05  1.72349679e-07 
 1.28550000e-05  1.77760662e-07 
 1.28650000e-05  1.72347288e-07 
 1.28750000e-05  1.77758329e-07 
 1.28850000e-05  1.72344923e-07 
 1.28950000e-05  1.77756022e-07 
 1.29050000e-05  1.72342584e-07 
 1.29150000e-05  1.77753739e-07 
 1.29250000e-05  1.72340269e-07 
 1.29350000e-05  1.77751482e-07 
 1.29450000e-05  1.72337979e-07 
 1.29550000e-05  1.77749249e-07 
 1.29650000e-05  1.72335713e-07 
 1.29750000e-05  1.77747040e-07 
 1.29850000e-05  1.72333472e-07 
 1.29950000e-05  1.77744856e-07 
 1.30050000e-05  1.72331255e-07 
 1.30150000e-05  1.77742695e-07 
 1.30250000e-05  1.72329061e-07 
 1.30350000e-05  1.77740557e-07 
 1.30450000e-05  1.72326890e-07 
 1.30550000e-05  1.77738443e-07 
 1.30650000e-05  1.72324743e-07 
 1.30750000e-05  1.77736352e-07 
 1.30850000e-05  1.72322618e-07 
 1.30950000e-05  1.77734284e-07 
 1.31050000e-05  1.72320517e-07 
 1.31150000e-05  1.77732238e-07 
 1.31250000e-05  1.72318437e-07 
 1.31350000e-05  1.77730214e-07 
 1.31450000e-05  1.72316380e-07 
 1.31550000e-05  1.77728212e-07 
 1.31650000e-05  1.72314345e-07 
 1.31750000e-05  1.77726233e-07 
 1.31850000e-05  1.72312331e-07 
 1.31950000e-05  1.77724274e-07 
 1.32050000e-05  1.72310339e-07 
 1.32150000e-05  1.77722338e-07 
 1.32250000e-05  1.72308368e-07 
 1.32350000e-05  1.77720422e-07 
 1.32450000e-05  1.72306418e-07 
 1.32550000e-05  1.77718527e-07 
 1.32650000e-05  1.72304488e-07 
 1.32750000e-05  1.77716652e-07 
 1.32850000e-05  1.72302580e-07 
 1.32950000e-05  1.77714799e-07 
 1.33050000e-05  1.72300691e-07 
 1.33150000e-05  1.77712965e-07 
 1.33250000e-05  1.72298823e-07 
 1.33350000e-05  1.77711151e-07 
 1.33450000e-05  1.72296974e-07 
 1.33550000e-05  1.77709357e-07 
 1.33650000e-05  1.72295145e-07 
 1.33750000e-05  1.77707583e-07 
 1.33850000e-05  1.72293336e-07 
 1.33950000e-05  1.77705828e-07 
 1.34050000e-05  1.72291546e-07 
 1.34150000e-05  1.77704092e-07 
 1.34250000e-05  1.72289775e-07 
 1.34350000e-05  1.77702375e-07 
 1.34450000e-05  1.72288022e-07 
 1.34550000e-05  1.77700676e-07 
 1.34650000e-05  1.72286289e-07 
 1.34750000e-05  1.77698997e-07 
 1.34850000e-05  1.72284573e-07 
 1.34950000e-05  1.77697335e-07 
 1.35050000e-05  1.72282876e-07 
 1.35150000e-05  1.77695692e-07 
 1.35250000e-05  1.72281197e-07 
 1.35350000e-05  1.77694066e-07 
 1.35450000e-05  1.72279536e-07 
 1.35550000e-05  1.77692459e-07 
 1.35650000e-05  1.72277892e-07 
 1.35750000e-05  1.77690869e-07 
 1.35850000e-05  1.72276266e-07 
 1.35950000e-05  1.77689296e-07 
 1.36050000e-05  1.72274657e-07 
 1.36150000e-05  1.77687740e-07 
 1.36250000e-05  1.72273066e-07 
 1.36350000e-05  1.77686201e-07 
 1.36450000e-05  1.72271491e-07 
 1.36550000e-05  1.77684680e-07 
 1.36650000e-05  1.72269932e-07 
 1.36750000e-05  1.77683174e-07 
 1.36850000e-05  1.72268391e-07 
 1.36950000e-05  1.77681685e-07 
 1.37050000e-05  1.72266865e-07 
 1.37150000e-05  1.77680213e-07 
 1.37250000e-05  1.72265356e-07 
 1.37350000e-05  1.77678756e-07 
 1.37450000e-05  1.72263863e-07 
 1.37550000e-05  1.77677316e-07 
 1.37650000e-05  1.72262386e-07 
 1.37750000e-05  1.77675891e-07 
 1.37850000e-05  1.72260924e-07 
 1.37950000e-05  1.77674482e-07 
 1.38050000e-05  1.72259478e-07 
 1.38150000e-05  1.77673088e-07 
 1.38250000e-05  1.72258047e-07 
 1.38350000e-05  1.77671709e-07 
 1.38450000e-05  1.72256631e-07 
 1.38550000e-05  1.77670346e-07 
 1.38650000e-05  1.72255230e-07 
 1.38750000e-05  1.77668997e-07 
 1.38850000e-05  1.72253845e-07 
 1.38950000e-05  1.77667663e-07 
 1.39050000e-05  1.72252473e-07 
 1.39150000e-05  1.77666344e-07 
 1.39250000e-05  1.72251117e-07 
 1.39350000e-05  1.77665039e-07 
 1.39450000e-05  1.72249774e-07 
 1.39550000e-05  1.77663748e-07 
 1.39650000e-05  1.72248446e-07 
 1.39750000e-05  1.77662472e-07 
 1.39850000e-05  1.72247132e-07 
 1.39950000e-05  1.77661209e-07 
 1.40050000e-05  1.72245832e-07 
 1.40150000e-05  1.77659960e-07 
 1.40250000e-05  1.72244545e-07 
 1.40350000e-05  1.77658725e-07 
 1.40450000e-05  1.72243272e-07 
 1.40550000e-05  1.77657504e-07 
 1.40650000e-05  1.72242013e-07 
 1.40750000e-05  1.77656296e-07 
 1.40850000e-05  1.72240767e-07 
 1.40950000e-05  1.77655101e-07 
 1.41050000e-05  1.72239534e-07 
 1.41150000e-05  1.77653919e-07 
 1.41250000e-05  1.72238314e-07 
 1.41350000e-05  1.77652750e-07 
 1.41450000e-05  1.72237106e-07 
 1.41550000e-05  1.77651594e-07 
 1.41650000e-05  1.72235912e-07 
 1.41750000e-05  1.77650450e-07 
 1.41850000e-05  1.72234730e-07 
 1.41950000e-05  1.77649320e-07 
 1.42050000e-05  1.72233561e-07 
 1.42150000e-05  1.77648201e-07 
 1.42250000e-05  1.72232404e-07 
 1.42350000e-05  1.77647095e-07 
 1.42450000e-05  1.72231259e-07 
 1.42550000e-05  1.77646001e-07 
 1.42650000e-05  1.72230127e-07 
 1.42750000e-05  1.77644919e-07 
 1.42850000e-05  1.72229006e-07 
 1.42950000e-05  1.77643848e-07 
 1.43050000e-05  1.72227897e-07 
 1.43150000e-05  1.77642790e-07 
 1.43250000e-05  1.72226800e-07 
 1.43350000e-05  1.77641743e-07 
 1.43450000e-05  1.72225714e-07 
 1.43550000e-05  1.77640708e-07 
 1.43650000e-05  1.72224640e-07 
 1.43750000e-05  1.77639684e-07 
 1.43850000e-05  1.72223577e-07 
 1.43950000e-05  1.77638671e-07 
 1.44050000e-05  1.72222525e-07 
 1.44150000e-05  1.77637669e-07 
 1.44250000e-05  1.72221484e-07 
 1.44350000e-05  1.77636679e-07 
 1.44450000e-05  1.72220455e-07 
 1.44550000e-05  1.77635699e-07 
 1.44650000e-05  1.72219436e-07 
 1.44750000e-05  1.77634730e-07 
 1.44850000e-05  1.72218428e-07 
 1.44950000e-05  1.77633772e-07 
 1.45050000e-05  1.72217430e-07 
 1.45150000e-05  1.77632824e-07 
 1.45250000e-05  1.72216443e-07 
 1.45350000e-05  1.77631887e-07 
 1.45450000e-05  1.72215466e-07 
 1.45550000e-05  1.77630960e-07 
 1.45650000e-05  1.72214500e-07 
 1.45750000e-05  1.77630043e-07 
 1.45850000e-05  1.72213543e-07 
 1.45950000e-05  1.77629136e-07 
 1.46050000e-05  1.72212597e-07 
 1.46150000e-05  1.77628240e-07 
 1.46250000e-05  1.72211661e-07 
 1.46350000e-05  1.77627353e-07 
 1.46450000e-05  1.72210734e-07 
 1.46550000e-05  1.77626476e-07 
 1.46650000e-05  1.72209817e-07 
 1.46750000e-05  1.77625608e-07 
 1.46850000e-05  1.72208910e-07 
 1.46950000e-05  1.77624750e-07 
 1.47050000e-05  1.72208013e-07 
 1.47150000e-05  1.77623902e-07 
 1.47250000e-05  1.72207124e-07 
 1.47350000e-05  1.77623063e-07 
 1.47450000e-05  1.72206245e-07 
 1.47550000e-05  1.77622233e-07 
 1.47650000e-05  1.72205376e-07 
 1.47750000e-05  1.77621413e-07 
 1.47850000e-05  1.72204515e-07 
 1.47950000e-05  1.77620601e-07 
 1.48050000e-05  1.72203663e-07 
 1.48150000e-05  1.77619798e-07 
 1.48250000e-05  1.72202821e-07 
 1.48350000e-05  1.77619005e-07 
 1.48450000e-05  1.72201987e-07 
 1.48550000e-05  1.77618220e-07 
 1.48650000e-05  1.72201161e-07 
 1.48750000e-05  1.77617443e-07 
 1.48850000e-05  1.72200345e-07 
 1.48950000e-05  1.77616676e-07 
 1.49050000e-05  1.72199537e-07 
 1.49150000e-05  1.77615917e-07 
 1.49250000e-05  1.72198737e-07 
 1.49350000e-05  1.77615166e-07 
 1.49450000e-05  1.72197946e-07 
 1.49550000e-05  1.77614423e-07 
 1.49650000e-05  1.72197163e-07 
 1.49750000e-05  1.77613689e-07 
 1.49850000e-05  1.72196388e-07 
 1.49950000e-05  1.77612963e-07 
 1.50050000e-05  1.72195622e-07 
 1.50150000e-05  1.77612245e-07 
 1.50250000e-05  1.72194863e-07 
 1.50350000e-05  1.77611534e-07 
 1.50450000e-05  1.72194112e-07 
 1.50550000e-05  1.77610832e-07 
 1.50650000e-05  1.72193369e-07 
 1.50750000e-05  1.77610138e-07 
 1.50850000e-05  1.72192634e-07 
 1.50950000e-05  1.77609451e-07 
 1.51050000e-05  1.72191907e-07 
 1.51150000e-05  1.77608772e-07 
 1.51250000e-05  1.72191187e-07 
 1.51350000e-05  1.77608100e-07 
 1.51450000e-05  1.72190474e-07 
 1.51550000e-05  1.77607436e-07 
 1.51650000e-05  1.72189769e-07 
 1.51750000e-05  1.77606779e-07 
 1.51850000e-05  1.72189071e-07 
 1.51950000e-05  1.77606129e-07 
 1.52050000e-05  1.72188381e-07 
 1.52150000e-05  1.77605487e-07 
 1.52250000e-05  1.72187698e-07 
 1.52350000e-05  1.77604852e-07 
 1.52450000e-05  1.72187021e-07 
 1.52550000e-05  1.77604224e-07 
 1.52650000e-05  1.72186352e-07 
 1.52750000e-05  1.77603603e-07 
 1.52850000e-05  1.72185690e-07 
 1.52950000e-05  1.77602988e-07 
 1.53050000e-05  1.72185035e-07 
 1.53150000e-05  1.77602381e-07 
 1.53250000e-05  1.72184386e-07 
 1.53350000e-05  1.77601780e-07 
 1.53450000e-05  1.72183745e-07 
 1.53550000e-05  1.77601186e-07 
 1.53650000e-05  1.72183109e-07 
 1.53750000e-05  1.77600599e-07 
 1.53850000e-05  1.72182481e-07 
 1.53950000e-05  1.77600018e-07 
 1.54050000e-05  1.72181859e-07 
 1.54150000e-05  1.77599444e-07 
 1.54250000e-05  1.72181243e-07 
 1.54350000e-05  1.77598876e-07 
 1.54450000e-05  1.72180634e-07 
 1.54550000e-05  1.77598315e-07 
 1.54650000e-05  1.72180031e-07 
 1.54750000e-05  1.77597759e-07 
 1.54850000e-05  1.72179435e-07 
 1.54950000e-05  1.77597210e-07 
 1.55050000e-05  1.72178844e-07 
 1.55150000e-05  1.77596667e-07 
 1.55250000e-05  1.72178260e-07 
 1.55350000e-05  1.77596130e-07 
 1.55450000e-05  1.72177681e-07 
 1.55550000e-05  1.77595600e-07 
 1.55650000e-05  1.72177109e-07 
 1.55750000e-05  1.77595075e-07 
 1.55850000e-05  1.72176543e-07 
 1.55950000e-05  1.77594556e-07 
 1.56050000e-05  1.72175982e-07 
 1.56150000e-05  1.77594042e-07 
 1.56250000e-05  1.72175427e-07 
 1.56350000e-05  1.77593535e-07 
 1.56450000e-05  1.72174878e-07 
 1.56550000e-05  1.77593033e-07 
 1.56650000e-05  1.72174335e-07 
 1.56750000e-05  1.77592537e-07 
 1.56850000e-05  1.72173797e-07 
 1.56950000e-05  1.77592047e-07 
 1.57050000e-05  1.72173264e-07 
 1.57150000e-05  1.77591561e-07 
 1.57250000e-05  1.72172738e-07 
 1.57350000e-05  1.77591082e-07 
 1.57450000e-05  1.72172216e-07 
 1.57550000e-05  1.77590608e-07 
 1.57650000e-05  1.72171700e-07 
 1.57750000e-05  1.77590139e-07 
 1.57850000e-05  1.72171189e-07 
 1.57950000e-05  1.77589675e-07 
 1.58050000e-05  1.72170684e-07 
 1.58150000e-05  1.77589217e-07 
 1.58250000e-05  1.72170184e-07 
 1.58350000e-05  1.77588763e-07 
 1.58450000e-05  1.72169688e-07 
 1.58550000e-05  1.77588315e-07 
 1.58650000e-05  1.72169198e-07 
 1.58750000e-05  1.77587872e-07 
 1.58850000e-05  1.72168713e-07 
 1.58950000e-05  1.77587434e-07 
 1.59050000e-05  1.72168233e-07 
 1.59150000e-05  1.77587000e-07 
 1.59250000e-05  1.72167758e-07 
 1.59350000e-05  1.77586572e-07 
 1.59450000e-05  1.72167287e-07 
 1.59550000e-05  1.77586148e-07 
 1.59650000e-05  1.72166821e-07 
 1.59750000e-05  1.77585729e-07 
 1.59850000e-05  1.72166360e-07 
 1.59950000e-05  1.77585315e-07 
 1.60050000e-05  1.72165904e-07 
 1.60150000e-05  1.77584906e-07 
 1.60250000e-05  1.72165452e-07 
 1.60350000e-05  1.77584501e-07 
 1.60450000e-05  1.72165005e-07 
 1.60550000e-05  1.77584101e-07 
 1.60650000e-05  1.72164563e-07 
 1.60750000e-05  1.77583705e-07 
 1.60850000e-05  1.72164125e-07 
 1.60950000e-05  1.77583313e-07 
 1.61050000e-05  1.72163691e-07 
 1.61150000e-05  1.77582927e-07 
 1.61250000e-05  1.72163262e-07 
 1.61350000e-05  1.77582544e-07 
 1.61450000e-05  1.72162837e-07 
 1.61550000e-05  1.77582166e-07 
 1.61650000e-05  1.72162417e-07 
 1.61750000e-05  1.77581792e-07 
 1.61850000e-05  1.72162001e-07 
 1.61950000e-05  1.77581422e-07 
 1.62050000e-05  1.72161589e-07 
 1.62150000e-05  1.77581057e-07 
 1.62250000e-05  1.72161181e-07 
 1.62350000e-05  1.77580696e-07 
 1.62450000e-05  1.72160777e-07 
 1.62550000e-05  1.77580338e-07 
 1.62650000e-05  1.72160378e-07 
 1.62750000e-05  1.77579985e-07 
 1.62850000e-05  1.72159982e-07 
 1.62950000e-05  1.77579636e-07 
 1.63050000e-05  1.72159590e-07 
 1.63150000e-05  1.77579291e-07 
 1.63250000e-05  1.72159203e-07 
 1.63350000e-05  1.77578950e-07 
 1.63450000e-05  1.72158819e-07 
 1.63550000e-05  1.77578612e-07 
 1.63650000e-05  1.72158439e-07 
 1.63750000e-05  1.77578279e-07 
 1.63850000e-05  1.72158063e-07 
 1.63950000e-05  1.77577949e-07 
 1.64050000e-05  1.72157691e-07 
 1.64150000e-05  1.77577624e-07 
 1.64250000e-05  1.72157323e-07 
 1.64350000e-05  1.77577301e-07 
 1.64450000e-05  1.72156958e-07 
 1.64550000e-05  1.77576983e-07 
 1.64650000e-05  1.72156597e-07 
 1.64750000e-05  1.77576668e-07 
 1.64850000e-05  1.72156240e-07 
 1.64950000e-05  1.77576357e-07 
 1.65050000e-05  1.72155886e-07 
 1.65150000e-05  1.77576049e-07 
 1.65250000e-05  1.72155536e-07 
 1.65350000e-05  1.77575745e-07 
 1.65450000e-05  1.72155189e-07 
 1.65550000e-05  1.77575445e-07 
 1.65650000e-05  1.72154846e-07 
 1.65750000e-05  1.77575148e-07 
 1.65850000e-05  1.72154506e-07 
 1.65950000e-05  1.77574854e-07 
 1.66050000e-05  1.72154170e-07 
 1.66150000e-05  1.77574564e-07 
 1.66250000e-05  1.72153837e-07 
 1.66350000e-05  1.77574277e-07 
 1.66450000e-05  1.72153507e-07 
 1.66550000e-05  1.77573993e-07 
 1.66650000e-05  1.72153181e-07 
 1.66750000e-05  1.77573713e-07 
 1.66850000e-05  1.72152858e-07 
 1.66950000e-05  1.77573436e-07 
 1.67050000e-05  1.72152538e-07 
 1.67150000e-05  1.77573162e-07 
 1.67250000e-05  1.72152221e-07 
 1.67350000e-05  1.77572891e-07 
 1.67450000e-05  1.72151908e-07 
 1.67550000e-05  1.77572624e-07 
 1.67650000e-05  1.72151597e-07 
 1.67750000e-05  1.77572359e-07 
 1.67850000e-05  1.72151290e-07 
 1.67950000e-05  1.77572098e-07 
 1.68050000e-05  1.72150985e-07 
 1.68150000e-05  1.77571839e-07 
 1.68250000e-05  1.72150684e-07 
 1.68350000e-05  1.77571584e-07 
 1.68450000e-05  1.72150386e-07 
 1.68550000e-05  1.77571332e-07 
 1.68650000e-05  1.72150090e-07 
 1.68750000e-05  1.77571082e-07 
 1.68850000e-05  1.72149798e-07 
 1.68950000e-05  1.77570835e-07 
 1.69050000e-05  1.72149508e-07 
 1.69150000e-05  1.77570592e-07 
 1.69250000e-05  1.72149222e-07 
 1.69350000e-05  1.77570351e-07 
 1.69450000e-05  1.72148938e-07 
 1.69550000e-05  1.77570113e-07 
 1.69650000e-05  1.72148657e-07 
 1.69750000e-05  1.77569877e-07 
 1.69850000e-05  1.72148379e-07 
 1.69950000e-05  1.77569645e-07 
 1.70050000e-05  1.72148103e-07 
 1.70150000e-05  1.77569415e-07 
 1.70250000e-05  1.72147830e-07 
 1.70350000e-05  1.77569188e-07 
 1.70450000e-05  1.72147560e-07 
 1.70550000e-05  1.77568963e-07 
 1.70650000e-05  1.72147292e-07 
 1.70750000e-05  1.77568742e-07 
 1.70850000e-05  1.72147028e-07 
 1.70950000e-05  1.77568522e-07 
 1.71050000e-05  1.72146765e-07 
 1.71150000e-05  1.77568306e-07 
 1.71250000e-05  1.72146506e-07 
 1.71350000e-05  1.77568092e-07 
 1.71450000e-05  1.72146248e-07 
 1.71550000e-05  1.77567880e-07 
 1.71650000e-05  1.72145994e-07 
 1.71750000e-05  1.77567671e-07 
 1.71850000e-05  1.72145742e-07 
 1.71950000e-05  1.77567465e-07 
 1.72050000e-05  1.72145492e-07 
 1.72150000e-05  1.77567261e-07 
 1.72250000e-05  1.72145245e-07 
 1.72350000e-05  1.77567059e-07 
 1.72450000e-05  1.72145000e-07 
 1.72550000e-05  1.77566860e-07 
 1.72650000e-05  1.72144758e-07 
 1.72750000e-05  1.77566663e-07 
 1.72850000e-05  1.72144518e-07 
 1.72950000e-05  1.77566468e-07 
 1.73050000e-05  1.72144280e-07 
 1.73150000e-05  1.77566276e-07 
 1.73250000e-05  1.72144044e-07 
 1.73350000e-05  1.77566086e-07 
 1.73450000e-05  1.72143811e-07 
 1.73550000e-05  1.77565898e-07 
 1.73650000e-05  1.72143581e-07 
 1.73750000e-05  1.77565713e-07 
 1.73850000e-05  1.72143352e-07 
 1.73950000e-05  1.77565530e-07 
 1.74050000e-05  1.72143126e-07 
 1.74150000e-05  1.77565349e-07 
 1.74250000e-05  1.72142901e-07 
 1.74350000e-05  1.77565170e-07 
 1.74450000e-05  1.72142679e-07 
 1.74550000e-05  1.77564994e-07 
 1.74650000e-05  1.72142459e-07 
 1.74750000e-05  1.77564819e-07 
 1.74850000e-05  1.72142242e-07 
 1.74950000e-05  1.77564647e-07 
 1.75050000e-05  1.72142026e-07 
 1.75150000e-05  1.77564477e-07 
 1.75250000e-05  1.72141813e-07 
 1.75350000e-05  1.77564308e-07 
 1.75450000e-05  1.72141601e-07 
 1.75550000e-05  1.77564142e-07 
 1.75650000e-05  1.72141392e-07 
 1.75750000e-05  1.77563978e-07 
 1.75850000e-05  1.72141184e-07 
 1.75950000e-05  1.77563816e-07 
 1.76050000e-05  1.72140979e-07 
 1.76150000e-05  1.77563656e-07 
 1.76250000e-05  1.72140775e-07 
 1.76350000e-05  1.77563498e-07 
 1.76450000e-05  1.72140574e-07 
 1.76550000e-05  1.77563341e-07 
 1.76650000e-05  1.72140374e-07 
 1.76750000e-05  1.77563187e-07 
 1.76850000e-05  1.72140177e-07 
 1.76950000e-05  1.77563035e-07 
 1.77050000e-05  1.72139981e-07 
 1.77150000e-05  1.77562884e-07 
 1.77250000e-05  1.72139787e-07 
 1.77350000e-05  1.77562735e-07 
 1.77450000e-05  1.72139595e-07 
 1.77550000e-05  1.77562589e-07 
 1.77650000e-05  1.72139404e-07 
 1.77750000e-05  1.77562444e-07 
 1.77850000e-05  1.72139216e-07 
 1.77950000e-05  1.77562300e-07 
 1.78050000e-05  1.72139029e-07 
 1.78150000e-05  1.77562159e-07 
 1.78250000e-05  1.72138845e-07 
 1.78350000e-05  1.77562019e-07 
 1.78450000e-05  1.72138661e-07 
 1.78550000e-05  1.77561881e-07 
 1.78650000e-05  1.72138480e-07 
 1.78750000e-05  1.77561745e-07 
 1.78850000e-05  1.72138300e-07 
 1.78950000e-05  1.77561610e-07 
 1.79050000e-05  1.72138122e-07 
 1.79150000e-05  1.77561478e-07 
 1.79250000e-05  1.72137946e-07 
 1.79350000e-05  1.77561346e-07 
 1.79450000e-05  1.72137772e-07 
 1.79550000e-05  1.77561217e-07 
 1.79650000e-05  1.72137599e-07 
 1.79750000e-05  1.77561089e-07 
 1.79850000e-05  1.72137427e-07 
 1.79950000e-05  1.77560963e-07 
 1.80050000e-05  1.72137257e-07 
 1.80150000e-05  1.77560838e-07 
 1.80250000e-05  1.72137089e-07 
 1.80350000e-05  1.77560715e-07 
 1.80450000e-05  1.72136923e-07 
 1.80550000e-05  1.77560593e-07 
 1.80650000e-05  1.72136758e-07 
 1.80750000e-05  1.77560473e-07 
 1.80850000e-05  1.72136594e-07 
 1.80950000e-05  1.77560355e-07 
 1.81050000e-05  1.72136432e-07 
 1.81150000e-05  1.77560238e-07 
 1.81250000e-05  1.72136272e-07 
 1.81350000e-05  1.77560123e-07 
 1.81450000e-05  1.72136113e-07 
 1.81550000e-05  1.77560009e-07 
 1.81650000e-05  1.72135955e-07 
 1.81750000e-05  1.77559896e-07 
 1.81850000e-05  1.72135799e-07 
 1.81950000e-05  1.77559785e-07 
 1.82050000e-05  1.72135644e-07 
 1.82150000e-05  1.77559676e-07 
 1.82250000e-05  1.72135491e-07 
 1.82350000e-05  1.77559567e-07 
 1.82450000e-05  1.72135339e-07 
 1.82550000e-05  1.77559461e-07 
 1.82650000e-05  1.72135189e-07 
 1.82750000e-05  1.77559355e-07 
 1.82850000e-05  1.72135040e-07 
 1.82950000e-05  1.77559251e-07 
 1.83050000e-05  1.72134892e-07 
 1.83150000e-05  1.77559148e-07 
 1.83250000e-05  1.72134746e-07 
 1.83350000e-05  1.77559047e-07 
 1.83450000e-05  1.72134601e-07 
 1.83550000e-05  1.77558947e-07 
 1.83650000e-05  1.72134458e-07 
 1.83750000e-05  1.77558848e-07 
 1.83850000e-05  1.72134315e-07 
 1.83950000e-05  1.77558751e-07 
 1.84050000e-05  1.72134174e-07 
 1.84150000e-05  1.77558655e-07 
 1.84250000e-05  1.72134034e-07 
 1.84350000e-05  1.77558560e-07 
 1.84450000e-05  1.72133896e-07 
 1.84550000e-05  1.77558466e-07 
 1.84650000e-05  1.72133759e-07 
 1.84750000e-05  1.77558374e-07 
 1.84850000e-05  1.72133623e-07 
 1.84950000e-05  1.77558283e-07 
 1.85050000e-05  1.72133488e-07 
 1.85150000e-05  1.77558193e-07 
 1.85250000e-05  1.72133354e-07 
 1.85350000e-05  1.77558105e-07 
 1.85450000e-05  1.72133222e-07 
 1.85550000e-05  1.77558017e-07 
 1.85650000e-05  1.72133091e-07 
 1.85750000e-05  1.77557931e-07 
 1.85850000e-05  1.72132961e-07 
 1.85950000e-05  1.77557846e-07 
 1.86050000e-05  1.72132832e-07 
 1.86150000e-05  1.77557762e-07 
 1.86250000e-05  1.72132704e-07 
 1.86350000e-05  1.77557679e-07 
 1.86450000e-05  1.72132578e-07 
 1.86550000e-05  1.77557597e-07 
 1.86650000e-05  1.72132452e-07 
 1.86750000e-05  1.77557516e-07 
 1.86850000e-05  1.72132328e-07 
 1.86950000e-05  1.77557437e-07 
 1.87050000e-05  1.72132205e-07 
 1.87150000e-05  1.77557358e-07 
 1.87250000e-05  1.72132083e-07 
 1.87350000e-05  1.77557281e-07 
 1.87450000e-05  1.72131961e-07 
 1.87550000e-05  1.77557205e-07 
 1.87650000e-05  1.72131841e-07 
 1.87750000e-05  1.77557130e-07 
 1.87850000e-05  1.72131723e-07 
 1.87950000e-05  1.77557056e-07 
 1.88050000e-05  1.72131605e-07 
 1.88150000e-05  1.77556982e-07 
 1.88250000e-05  1.72131488e-07 
 1.88350000e-05  1.77556910e-07 
 1.88450000e-05  1.72131372e-07 
 1.88550000e-05  1.77556839e-07 
 1.88650000e-05  1.72131257e-07 
 1.88750000e-05  1.77556769e-07 
 1.88850000e-05  1.72131143e-07 
 1.88950000e-05  1.77556700e-07 
 1.89050000e-05  1.72131030e-07 
 1.89150000e-05  1.77556632e-07 
 1.89250000e-05  1.72130918e-07 
 1.89350000e-05  1.77556565e-07 
 1.89450000e-05  1.72130807e-07 
 1.89550000e-05  1.77556499e-07 
 1.89650000e-05  1.72130697e-07 
 1.89750000e-05  1.77556433e-07 
 1.89850000e-05  1.72130588e-07 
 1.89950000e-05  1.77556369e-07 
 1.90050000e-05  1.72130480e-07 
 1.90150000e-05  1.77556306e-07 
 1.90250000e-05  1.72130373e-07 
 1.90350000e-05  1.77556243e-07 
 1.90450000e-05  1.72130267e-07 
 1.90550000e-05  1.77556182e-07 
 1.90650000e-05  1.72130161e-07 
 1.90750000e-05  1.77556121e-07 
 1.90850000e-05  1.72130057e-07 
 1.90950000e-05  1.77556061e-07 
 1.91050000e-05  1.72129953e-07 
 1.91150000e-05  1.77556002e-07 
 1.91250000e-05  1.72129851e-07 
 1.91350000e-05  1.77555944e-07 
 1.91450000e-05  1.72129749e-07 
 1.91550000e-05  1.77555887e-07 
 1.91650000e-05  1.72129648e-07 
 1.91750000e-05  1.77555831e-07 
 1.91850000e-05  1.72129547e-07 
 1.91950000e-05  1.77555775e-07 
 1.92050000e-05  1.72129448e-07 
 1.92150000e-05  1.77555721e-07 
 1.92250000e-05  1.72129350e-07 
 1.92350000e-05  1.77555667e-07 
 1.92450000e-05  1.72129252e-07 
 1.92550000e-05  1.77555614e-07 
 1.92650000e-05  1.72129155e-07 
 1.92750000e-05  1.77555562e-07 
 1.92850000e-05  1.72129059e-07 
 1.92950000e-05  1.77555510e-07 
 1.93050000e-05  1.72128964e-07 
 1.93150000e-05  1.77555460e-07 
 1.93250000e-05  1.72128869e-07 
 1.93350000e-05  1.77555410e-07 
 1.93450000e-05  1.72128776e-07 
 1.93550000e-05  1.77555361e-07 
 1.93650000e-05  1.72128683e-07 
 1.93750000e-05  1.77555313e-07 
 1.93850000e-05  1.72128591e-07 
 1.93950000e-05  1.77555265e-07 
 1.94050000e-05  1.72128499e-07 
 1.94150000e-05  1.77555218e-07 
 1.94250000e-05  1.72128408e-07 
 1.94350000e-05  1.77555172e-07 
 1.94450000e-05  1.72128319e-07 
 1.94550000e-05  1.77555127e-07 
 1.94650000e-05  1.72128229e-07 
 1.94750000e-05  1.77555082e-07 
 1.94850000e-05  1.72128141e-07 
 1.94950000e-05  1.77555039e-07 
 1.95050000e-05  1.72128053e-07 
 1.95150000e-05  1.77554995e-07 
 1.95250000e-05  1.72127966e-07 
 1.95350000e-05  1.77554953e-07 
 1.95450000e-05  1.72127880e-07 
 1.95550000e-05  1.77554911e-07 
 1.95650000e-05  1.72127794e-07 
 1.95750000e-05  1.77554870e-07 
 1.95850000e-05  1.72127709e-07 
 1.95950000e-05  1.77554830e-07 
 1.96050000e-05  1.72127625e-07 
 1.96150000e-05  1.77554790e-07 
 1.96250000e-05  1.72127541e-07 
 1.96350000e-05  1.77554751e-07 
 1.96450000e-05  1.72127458e-07 
 1.96550000e-05  1.77554713e-07 
 1.96650000e-05  1.72127376e-07 
 1.96750000e-05  1.77554675e-07 
 1.96850000e-05  1.72127294e-07 
 1.96950000e-05  1.77554638e-07 
 1.97050000e-05  1.72127213e-07 
 1.97150000e-05  1.77554601e-07 
 1.97250000e-05  1.72127132e-07 
 1.97350000e-05  1.77554565e-07 
 1.97450000e-05  1.72127053e-07 
 1.97550000e-05  1.77554530e-07 
 1.97650000e-05  1.72126974e-07 
 1.97750000e-05  1.77554495e-07 
 1.97850000e-05  1.72126895e-07 
 1.97950000e-05  1.77554461e-07 
 1.98050000e-05  1.72126817e-07 
 1.98150000e-05  1.77554428e-07 
 1.98250000e-05  1.72126740e-07 
 1.98350000e-05  1.77554395e-07 
 1.98450000e-05  1.72126663e-07 
 1.98550000e-05  1.77554363e-07 
 1.98650000e-05  1.72126587e-07 
 1.98750000e-05  1.77554331e-07 
 1.98850000e-05  1.72126511e-07 
 1.98950000e-05  1.77554300e-07 
 1.99050000e-05  1.72126436e-07 
 1.99150000e-05  1.77554270e-07 
 1.99250000e-05  1.72126362e-07 
 1.99350000e-05  1.77554240e-07 
 1.99450000e-05  1.72126288e-07 
 1.99550000e-05  1.77554211e-07 
 1.99650000e-05  1.72126214e-07 
 1.99750000e-05  1.77554182e-07 
 1.99850000e-05  1.72126142e-07 
 1.99950000e-05  1.77554154e-07 
 2.00000000e-05  1.72126071e-07 
